   9.9900000000000010E-004   9.6432648142645972E-079
   1.9980000000000002E-003   1.5884558272030337E-038
   2.9970000000000005E-003   2.8625529285572970E-025
   3.9960000000000004E-003   1.0282685538220948E-018
   4.9950000000000003E-003   7.9875021113094595E-015
   5.9940000000000011E-003   2.9350032603436861E-012
   6.9930000000000010E-003   1.9045843513827734E-010
   7.9920000000000008E-003   4.2069903545013137E-009
   8.9910000000000007E-003   4.5484264537330719E-008
   9.9900000000000006E-003   2.9906268483404521E-007
   1.0989000000000001E-002   1.3723260061954066E-006
   1.1988000000000002E-002   4.8156378436781941E-006
   1.2987000000000002E-002   1.3763838406811377E-005
   1.3986000000000002E-002   3.3512318243469433E-005
   1.4985000000000002E-002   7.1827025180850760E-005
   1.5984000000000002E-002   1.3887669771946534E-004
   1.6983000000000002E-002   2.4679402390501913E-004
   1.7982000000000001E-002   4.0896332456627575E-004
   1.8981000000000001E-002   6.3917284171098783E-004
   1.9980000000000001E-002   9.5076537964828959E-004
   2.0979000000000001E-002   1.3558898213413212E-003
   2.1978000000000001E-002   1.8649156834858413E-003
   2.2977000000000001E-002   2.4860354797103697E-003
   2.3976000000000004E-002   3.2250511356259706E-003
   2.4975000000000004E-002   4.0853223888342831E-003
   2.5974000000000004E-002   5.0678457885621701E-003
   2.6973000000000004E-002   6.1714303357340208E-003
   2.7972000000000004E-002   7.3929376466465736E-003
   2.8971000000000004E-002   8.7275588285872334E-003
   2.9970000000000004E-002   1.0169105586694682E-002
   3.0969000000000003E-002   1.1710298491151037E-002
   3.1968000000000003E-002   1.3343040269834731E-002
   3.2967000000000003E-002   1.5058666186091299E-002
   3.3966000000000003E-002   1.6848166934377518E-002
   3.4965000000000003E-002   1.8702382070762809E-002
   3.5964000000000003E-002   2.0612163882125164E-002
   3.6963000000000003E-002   2.2568512902528988E-002
   3.7962000000000003E-002   2.4562687125106470E-002
   3.8961000000000003E-002   2.6586287440610160E-002
   3.9960000000000002E-002   2.8631322052486089E-002
   4.0959000000000002E-002   3.0690252649139511E-002
   4.1958000000000002E-002   3.2756025017499309E-002
   4.2957000000000002E-002   3.4822086604471746E-002
   4.3956000000000002E-002   3.6882393309011996E-002
   4.4955000000000002E-002   3.8931407542356217E-002
   4.5954000000000002E-002   4.0964089344912212E-002
   4.6953000000000002E-002   4.2975882107074100E-002
   4.7952000000000009E-002   4.4962694215159617E-002
   4.8951000000000008E-002   4.6920877736932376E-002
   4.9950000000000008E-002   4.8847205075701755E-002
   5.0949000000000008E-002   5.0738844358171477E-002
   5.1948000000000008E-002   5.2593334178373072E-002
   5.2947000000000008E-002   5.4408558196906605E-002
   5.3946000000000008E-002   5.6182719989653934E-002
   5.4945000000000008E-002   5.7914318451331936E-002
   5.5944000000000008E-002   5.9602123984855149E-002
   5.6943000000000007E-002   6.1245155645710155E-002
   5.7942000000000007E-002   6.2842659359699238E-002
   5.8941000000000007E-002   6.4394087290974650E-002
   5.9940000000000007E-002   6.5899078403847219E-002
   6.0939000000000007E-002   6.7357440235184446E-002
   6.1938000000000007E-002   6.8769131873241407E-002
   6.2937000000000007E-002   7.0134248122524043E-002
   6.3936000000000007E-002   7.1453004821990213E-002
   6.4935000000000007E-002   7.2725725274815536E-002
   6.5934000000000006E-002   7.3952827741528337E-002
   6.6933000000000006E-002   7.5134813944030668E-002
   6.7932000000000006E-002   7.6272258525450415E-002
   6.8931000000000006E-002   7.7365799409573971E-002
   6.9930000000000006E-002   7.8416129003478108E-002
   7.0929000000000006E-002   7.9423986187685286E-002
   7.1928000000000006E-002   8.0390149039500008E-002
   7.2927000000000006E-002   8.1315428236989784E-002
   7.3926000000000006E-002   8.2200661093207492E-002
   7.4925000000000005E-002   8.3046706172619236E-002
   7.5924000000000005E-002   8.3854438444209506E-002
   7.6923000000000005E-002   8.4624744928309681E-002
   7.7922000000000005E-002   8.5358520796800050E-002
   7.8921000000000005E-002   8.6056665888910297E-002
   7.9920000000000005E-002   8.6720081607364483E-002
   8.0919000000000005E-002   8.7349668162065630E-002
   8.1918000000000005E-002   8.7946322130865687E-002
   8.2917000000000005E-002   8.8510934309208339E-002
   8.3916000000000004E-002   8.9044387822577384E-002
   8.4915000000000004E-002   8.9547556477677190E-002
   8.5914000000000004E-002   9.0021303330192703E-002
   8.6913000000000004E-002   9.0466479448734968E-002
   8.7912000000000004E-002   9.0883922856247315E-002
   8.8911000000000004E-002   9.1274457631701972E-002
   8.9910000000000004E-002   9.1638893156340356E-002
   9.0909000000000004E-002   9.1978023490068478E-002
   9.1908000000000004E-002   9.2292626864834304E-002
   9.2907000000000003E-002   9.2583465282970887E-002
   9.3906000000000003E-002   9.2851284209540030E-002
   9.4905000000000003E-002   9.3096812348682861E-002
   9.5904000000000017E-002   9.3320761494878460E-002
   9.6903000000000017E-002   9.3523826450834888E-002
   9.7902000000000017E-002   9.3706685004492474E-002
   9.8901000000000017E-002   9.3869997958310955E-002
   9.9900000000000017E-002   9.4014409204645280E-002
  0.10089900000000002        9.4140545841601933E-002
  0.10189800000000002        9.4249018324290806E-002
  0.10289700000000002        9.4340420646882403E-002
  0.10389600000000002        9.4415330551314722E-002
  0.10489500000000002        9.4474309758910871E-002
  0.10589400000000002        9.4517904221525326E-002
  0.10689300000000002        9.4546644389185475E-002
  0.10789200000000002        9.4561045491492815E-002
  0.10889100000000002        9.4561607830333891E-002
  0.10989000000000002        9.4548817081700848E-002
  0.11088900000000002        9.4523144604656453E-002
  0.11188800000000002        9.4485047755686710E-002
  0.11288700000000002        9.4434970206871097E-002
  0.11388600000000001        9.4373342266483667E-002
  0.11488500000000001        9.4300581200783357E-002
  0.11588400000000001        9.4217091555900759E-002
  0.11688300000000001        9.4123265478859491E-002
  0.11788200000000001        9.4019483036878571E-002
  0.11888100000000001        9.3906112534215921E-002
  0.11988000000000001        9.3783510825904526E-002
  0.12087900000000001        9.3652023627816966E-002
  0.12187800000000001        9.3511985822577193E-002
  0.12287700000000001        9.3363721760901380E-002
  0.12387600000000001        9.3207545558017260E-002
  0.12487500000000001        9.3043761384866516E-002
  0.12587400000000001        9.2872663753844689E-002
  0.12687300000000001        9.2694537798879595E-002
  0.12787200000000001        9.2509659549686679E-002
  0.12887100000000001        9.2318296200084582E-002
  0.12987000000000001        9.2120706370274044E-002
  0.13086900000000001        9.1917140363020761E-002
  0.13186800000000001        9.1707840413710356E-002
  0.13286700000000001        9.1493040934256142E-002
  0.13386600000000001        9.1272968750869474E-002
  0.13486500000000001        9.1047843335718845E-002
  0.13586400000000001        9.0817877032512512E-002
  0.13686300000000001        9.0583275276064676E-002
  0.13786200000000001        9.0344236805903935E-002
  0.13886100000000001        9.0100953874002770E-002
  0.13986000000000001        8.9853612446714304E-002
  0.14085900000000001        8.9602392401001471E-002
  0.14185800000000001        8.9347467715059983E-002
  0.14285700000000001        8.9089006653441549E-002
  0.14385600000000001        8.8827171946777000E-002
  0.14485500000000001        8.8562120966215255E-002
  0.14585400000000001        8.8294005892692151E-002
  0.14685300000000001        8.8022973881138972E-002
  0.14785200000000001        8.7749167219755453E-002
  0.14885100000000001        8.7472723484458545E-002
  0.14985000000000001        8.7193775688627601E-002
  0.15084900000000001        8.6912452428267187E-002
  0.15184800000000001        8.6628878022699266E-002
  0.15284700000000001        8.6343172650908989E-002
  0.15384600000000001        8.6055452483655426E-002
  0.15484500000000001        8.5765829811465855E-002
  0.15584400000000001        8.5474413168625904E-002
  0.15684300000000001        8.5181307453276650E-002
  0.15784200000000001        8.4886614043734696E-002
  0.15884100000000001        8.4590430911136896E-002
  0.15984000000000001        8.4292852728521078E-002
  0.16083900000000001        8.3993970976448284E-002
  0.16183800000000001        8.3693874045265071E-002
  0.16283700000000001        8.3392647334109796E-002
  0.16383600000000001        8.3090373346761767E-002
  0.16483500000000001        8.2787131784424581E-002
  0.16583400000000001        8.2482999635544035E-002
  0.16683300000000001        8.2178051262745383E-002
  0.16783200000000001        8.1872358486984154E-002
  0.16883100000000001        8.1565990668995780E-002
  0.16983000000000001        8.1259014788126166E-002
  0.17082900000000001        8.0951495518629790E-002
  0.17182800000000001        8.0643495303511725E-002
  0.17282700000000001        8.0335074425993303E-002
  0.17382600000000001        8.0026291078676107E-002
  0.17482500000000001        7.9717201430479612E-002
  0.17582400000000001        7.9407859691418947E-002
  0.17682300000000001        7.9098318175298596E-002
  0.17782200000000001        7.8788627360385430E-002
  0.17882100000000001        7.8478835948123715E-002
  0.17982000000000001        7.8168990919962433E-002
  0.18081900000000001        7.7859137592348249E-002
  0.18181800000000001        7.7549319669950004E-002
  0.18281700000000001        7.7239579297167835E-002
  0.18381600000000001        7.6929957107983768E-002
  0.18481500000000001        7.6620492274210292E-002
  0.18581400000000001        7.6311222552185407E-002
  0.18681300000000001        7.6002184327967223E-002
  0.18781200000000001        7.5693412661075626E-002
  0.18881100000000001        7.5384941326830601E-002
  0.18981000000000001        7.5076802857331024E-002
  0.19080900000000001        7.4769028581118557E-002
  0.19180800000000003        7.4461648661570859E-002
  0.19280700000000003        7.4154692134065531E-002
  0.19380600000000003        7.3848186941953012E-002
  0.19480500000000003        7.3542159971380819E-002
  0.19580400000000003        7.3236637085003692E-002
  0.19680300000000003        7.2931643154616740E-002
  0.19780200000000003        7.2627202092749879E-002
  0.19880100000000003        7.2323336883251071E-002
  0.19980000000000003        7.2020069610899601E-002
  0.20079900000000003        7.1717421490074346E-002
  0.20179800000000003        7.1415412892510355E-002
  0.20279700000000003        7.1114063374175307E-002
  0.20379600000000003        7.0813391701291209E-002
  0.20479500000000003        7.0513415875533086E-002
  0.20579400000000003        7.0214153158426038E-002
  0.20679300000000003        6.9915620094974013E-002
  0.20779200000000003        6.9617832536537708E-002
  0.20879100000000003        6.9320805662992938E-002
  0.20979000000000003        6.9024554004187541E-002
  0.21078900000000003        6.8729091460722300E-002
  0.21178800000000003        6.8434431324077519E-002
  0.21278700000000003        6.8140586296106365E-002
  0.21378600000000003        6.7847568507914485E-002
  0.21478500000000003        6.7555389538147811E-002
  0.21578400000000003        6.7264060430704944E-002
  0.21678300000000003        6.6973591711895944E-002
  0.21778200000000003        6.6683993407062894E-002
  0.21878100000000003        6.6395275056680136E-002
  0.21978000000000003        6.6107445731951667E-002
  0.22077900000000003        6.5820514049920897E-002
  0.22177800000000003        6.5534488188110460E-002
  0.22277700000000003        6.5249375898703013E-002
  0.22377600000000003        6.4965184522283143E-002
  0.22477500000000003        6.4681921001149695E-002
  0.22577400000000003        6.4399591892214780E-002
  0.22677300000000003        6.4118203379503205E-002
  0.22777200000000003        6.3837761286262493E-002
  0.22877100000000003        6.3558271086697510E-002
  0.22977000000000003        6.3279737917343329E-002
  0.23076900000000003        6.3002166588083372E-002
  0.23176800000000003        6.2725561592829243E-002
  0.23276700000000003        6.2449927119868479E-002
  0.23376600000000003        6.2175267061894211E-002
  0.23476500000000003        6.1901585025724896E-002
  0.23576400000000003        6.1628884341724102E-002
  0.23676300000000003        6.1357168072929576E-002
  0.23776200000000003        6.1086439023903649E-002
  0.23876100000000003        6.0816699749307576E-002
  0.23976000000000003        6.0547952562215318E-002
  0.24075900000000003        6.0280199542171529E-002
  0.24175800000000003        6.0013442542999472E-002
  0.24275700000000003        5.9747683200373006E-002
  0.24375600000000003        5.9482922939154297E-002
  0.24475500000000003        5.9219162980506709E-002
  0.24575400000000003        5.8956404348789598E-002
  0.24675300000000003        5.8694647878243487E-002
  0.24775200000000003        5.8433894219469359E-002
  0.24875100000000003        5.8174143845709632E-002
  0.24975000000000003        5.7915397058937272E-002
  0.25074900000000000        5.7657653995760415E-002
  0.25174800000000003        5.7400914633144132E-002
  0.25274700000000000        5.7145178793958827E-002
  0.25374600000000003        5.6890446152358963E-002
  0.25474500000000000        5.6636716238998332E-002
  0.25574400000000003        5.6383988446084721E-002
  0.25674300000000005        5.6132262032282068E-002
  0.25774200000000003        5.5881536127462009E-002
  0.25874100000000005        5.5631809737310460E-002
  0.25974000000000003        5.5383081747795354E-002
  0.26073900000000005        5.5135350929495508E-002
  0.26173800000000003        5.4888615941800716E-002
  0.26273700000000005        5.4642875336981062E-002
  0.26373600000000003        5.4398127564133633E-002
  0.26473500000000005        5.4154370973009062E-002
  0.26573400000000003        5.3911603817721233E-002
  0.26673300000000005        5.3669824260342211E-002
  0.26773200000000003        5.3429030374391479E-002
  0.26873100000000005        5.3189220148214603E-002
  0.26973000000000003        5.2950391488260973E-002
  0.27072900000000005        5.2712542222262113E-002
  0.27172800000000003        5.2475670102311196E-002
  0.27272700000000005        5.2239772807849985E-002
  0.27372600000000002        5.2004847948563929E-002
  0.27472500000000005        5.1770893067188697E-002
  0.27572400000000002        5.1537905642231915E-002
  0.27672300000000005        5.1305883090609655E-002
  0.27772200000000002        5.1074822770205364E-002
  0.27872100000000005        5.0844721982346033E-002
  0.27972000000000002        5.0615577974207793E-002
  0.28071900000000005        5.0387387941143072E-002
  0.28171800000000002        5.0160149028938873E-002
  0.28271700000000005        4.9933858336005332E-002
  0.28371600000000002        4.9708512915496147E-002
  0.28471500000000005        4.9484109777364817E-002
  0.28571400000000002        4.9260645890357120E-002
  0.28671300000000005        4.9038118183941361E-002
  0.28771200000000002        4.8816523550180839E-002
  0.28871100000000005        4.8595858845546604E-002
  0.28971000000000002        4.8376120892675012E-002
  0.29070900000000005        4.8157306482070998E-002
  0.29170800000000002        4.7939412373757713E-002
  0.29270700000000005        4.7722435298875862E-002
  0.29370600000000002        4.7506371961232093E-002
  0.29470500000000005        4.7291219038800396E-002
  0.29570400000000002        4.7076973185175799E-002
  0.29670300000000005        4.6863631030982664E-002
  0.29770200000000002        4.6651189185239174E-002
  0.29870100000000005        4.6439644236678221E-002
  0.29970000000000002        4.6228992755028120E-002
  0.30069900000000005        4.6019231292251397E-002
  0.30169800000000002        4.5810356383745719E-002
  0.30269700000000005        4.5602364549505434E-002
  0.30369600000000002        4.5395252295247671E-002
  0.30469500000000005        4.5189016113502067E-002
  0.30569400000000002        4.4983652484664807E-002
  0.30669300000000005        4.4779157878020379E-002
  0.30769200000000002        4.4575528752729791E-002
  0.30869100000000005        4.4372761558787596E-002
  0.30969000000000002        4.4170852737946617E-002
  0.31068900000000005        4.3969798724614151E-002
  0.31168800000000002        4.3769595946719281E-002
  0.31268700000000005        4.3570240826550553E-002
  0.31368600000000002        4.3371729781567336E-002
  0.31468500000000005        4.3174059225184108E-002
  0.31568400000000002        4.2977225567529483E-002
  0.31668300000000005        4.2781225216179310E-002
  0.31768200000000002        4.2586054576866657E-002
  0.31868100000000005        4.2391710054166261E-002
  0.31968000000000002        4.2198188052158428E-002
  0.32067900000000005        4.2005484975069098E-002
  0.32167800000000002        4.1813597227888154E-002
  0.32267700000000005        4.1622521216967710E-002
  0.32367600000000002        4.1432253350600246E-002
  0.32467500000000005        4.1242790039574942E-002
  0.32567400000000002        4.1054127697717574E-002
  0.32667300000000005        4.0866262742409648E-002
  0.32767200000000002        4.0679191595090348E-002
  0.32867100000000005        4.0492910681740983E-002
  0.32967000000000002        4.0307416433352290E-002
  0.33066900000000005        4.0122705286374953E-002
  0.33166800000000002        3.9938773683153968E-002
  0.33266700000000005        3.9755618072348689E-002
  0.33366600000000002        3.9573234909335467E-002
  0.33466500000000005        3.9391620656597924E-002
  0.33566400000000002        3.9210771784101393E-002
  0.33666300000000005        3.9030684769654114E-002
  0.33766200000000002        3.8851356099255080E-002
  0.33866100000000005        3.8672782267428742E-002
  0.33966000000000002        3.8494959777546633E-002
  0.34065900000000005        3.8317885142137922E-002
  0.34165800000000002        3.8141554883186136E-002
  0.34265700000000004        3.7965965532416518E-002
  0.34365600000000002        3.7791113631569957E-002
  0.34465500000000004        3.7616995732667982E-002
  0.34565400000000002        3.7443608398266041E-002
  0.34665300000000004        3.7270948201696297E-002
  0.34765200000000002        3.7099011727301803E-002
  0.34865100000000004        3.6927795570659450E-002
  0.34965000000000002        3.6757296338794591E-002
  0.35064900000000004        3.6587510650385874E-002
  0.35164800000000002        3.6418435135962157E-002
  0.35264700000000004        3.6250066438089500E-002
  0.35364600000000002        3.6082401211551658E-002
  0.35464500000000004        3.5915436123520383E-002
  0.35564400000000002        3.5749167853719704E-002
  0.35664300000000004        3.5583593094581804E-002
  0.35764200000000002        3.5418708551395200E-002
  0.35864100000000004        3.5254510942447137E-002
  0.35964000000000002        3.5090996999157034E-002
  0.36063900000000004        3.4928163466205364E-002
  0.36163800000000001        3.4766007101654076E-002
  0.36263700000000004        3.4604524677062293E-002
  0.36363600000000001        3.4443712977594944E-002
  0.36463500000000004        3.4283568802125630E-002
  0.36563400000000001        3.4124088963333903E-002
  0.36663300000000004        3.3965270287796751E-002
  0.36763200000000001        3.3807109616074971E-002
  0.36863100000000004        3.3649603802793880E-002
  0.36963000000000001        3.3492749716719623E-002
  0.37062900000000004        3.3336544240829394E-002
  0.37162800000000001        3.3180984272378408E-002
  0.37262700000000004        3.3026066722960587E-002
  0.37362600000000001        3.2871788518566127E-002
  0.37462500000000004        3.2718146599634186E-002
  0.37562400000000001        3.2565137921100995E-002
  0.37662300000000004        3.2412759452444775E-002
  0.37762200000000001        3.2261008177725800E-002
  0.37862100000000004        3.2109881095622884E-002
  0.37962000000000001        3.1959375219466915E-002
  0.38061900000000004        3.1809487577269722E-002
  0.38161800000000001        3.1660215211749901E-002
  0.38261700000000004        3.1511555180355602E-002
  0.38361600000000007        3.1363504555283535E-002
  0.38461500000000004        3.1216060423495253E-002
  0.38561400000000007        3.1069219886730018E-002
  0.38661300000000004        3.0922980061515105E-002
  0.38761200000000007        3.0777338079173058E-002
  0.38861100000000004        3.0632291085825734E-002
  0.38961000000000007        3.0487836242396597E-002
  0.39060900000000004        3.0343970724610262E-002
  0.39160800000000007        3.0200691722988445E-002
  0.39260700000000004        3.0057996442844907E-002
  0.39360600000000007        2.9915882104277182E-002
  0.39460500000000004        2.9774345942156475E-002
  0.39560400000000007        2.9633385206115585E-002
  0.39660300000000004        2.9492997160533430E-002
  0.39760200000000007        2.9353179084520030E-002
  0.39860100000000004        2.9213928271896589E-002
  0.39960000000000007        2.9075242031176087E-002
  0.40059900000000004        2.8937117685540310E-002
  0.40159800000000007        2.8799552572816856E-002
  0.40259700000000004        2.8662544045452831E-002
  0.40359600000000007        2.8526089470487802E-002
  0.40459500000000004        2.8390186229524619E-002
  0.40559400000000007        2.8254831718699931E-002
  0.40659300000000004        2.8120023348651119E-002
  0.40759200000000007        2.7985758544484467E-002
  0.40859100000000004        2.7852034745739523E-002
  0.40959000000000007        2.7718849406353708E-002
  0.41058900000000004        2.7586199994624812E-002
  0.41158800000000006        2.7454083993173319E-002
  0.41258700000000004        2.7322498898902342E-002
  0.41358600000000006        2.7191442222957097E-002
  0.41458500000000004        2.7060911490683674E-002
  0.41558400000000006        2.6930904241585629E-002
  0.41658300000000004        2.6801418029281161E-002
  0.41758200000000006        2.6672450421457543E-002
  0.41858100000000004        2.6543998999826349E-002
  0.41958000000000006        2.6416061360076921E-002
  0.42057900000000004        2.6288635111828704E-002
  0.42157800000000006        2.6161717878584012E-002
  0.42257700000000004        2.6035307297678480E-002
  0.42357600000000006        2.5909401020232117E-002
  0.42457500000000004        2.5783996711098940E-002
  0.42557400000000006        2.5659092048815984E-002
  0.42657300000000004        2.5534684725552304E-002
  0.42757200000000006        2.5410772447056324E-002
  0.42857100000000004        2.5287352932603712E-002
  0.42957000000000006        2.5164423914943973E-002
  0.43056900000000004        2.5041983140246721E-002
  0.43156800000000006        2.4920028368047704E-002
  0.43256700000000003        2.4798557371194040E-002
  0.43356600000000006        2.4677567935789319E-002
  0.43456500000000003        2.4557057861137842E-002
  0.43556400000000006        2.4437024959689246E-002
  0.43656300000000003        2.4317467056981710E-002
  0.43756200000000006        2.4198381991585922E-002
  0.43856100000000003        2.4079767615047827E-002
  0.43956000000000006        2.3961621791831846E-002
  0.44055900000000003        2.3843942399262925E-002
  0.44155800000000006        2.3726727327469371E-002
  0.44255700000000003        2.3609974479324551E-002
  0.44355600000000006        2.3493681770388689E-002
  0.44455500000000003        2.3377847128850809E-002
  0.44555400000000006        2.3262468495469937E-002
  0.44655300000000003        2.3147543823516453E-002
  0.44755200000000006        2.3033071078713181E-002
  0.44855100000000003        2.2919048239176523E-002
  0.44955000000000006        2.2805473295357065E-002
  0.45054900000000003        2.2692344249980515E-002
  0.45154800000000006        2.2579659117988558E-002
  0.45254700000000003        2.2467415926478922E-002
  0.45354600000000006        2.2355612714646405E-002
  0.45454500000000003        2.2244247533723119E-002
  0.45554400000000006        2.2133318446918980E-002
  0.45654300000000003        2.2022823529362273E-002
  0.45754200000000006        2.1912760868039508E-002
  0.45854100000000003        2.1803128561736555E-002
  0.45954000000000006        2.1693924720978558E-002
  0.46053900000000003        2.1585147467970356E-002
  0.46153800000000006        2.1476794936537112E-002
  0.46253700000000003        2.1368865272064837E-002
  0.46353600000000006        2.1261356631440520E-002
  0.46453500000000003        2.1154267182993357E-002
  0.46553400000000006        2.1047595106434645E-002
  0.46653300000000003        2.0941338592799209E-002
  0.46753200000000006        2.0835495844385720E-002
  0.46853100000000003        2.0730065074697789E-002
  0.46953000000000006        2.0625044508385076E-002
  0.47052900000000003        2.0520432381184023E-002
  0.47152800000000006        2.0416226939859401E-002
  0.47252700000000003        2.0312426442145683E-002
  0.47352600000000006        2.0209029156688034E-002
  0.47452500000000003        2.0106033362984641E-002
  0.47552400000000006        2.0003437351327678E-002
  0.47652300000000003        1.9901239422745711E-002
  0.47752200000000006        1.9799437888945434E-002
  0.47852100000000003        1.9698031072254089E-002
  0.47952000000000006        1.9597017305561619E-002
  0.48051900000000003        1.9496394932263180E-002
  0.48151800000000006        1.9396162306201992E-002
  0.48251700000000003        1.9296317791611905E-002
  0.48351600000000006        1.9196859763060903E-002
  0.48451500000000003        1.9097786605393657E-002
  0.48551400000000006        1.8999096713675660E-002
  0.48651300000000003        1.8900788493136186E-002
  0.48751200000000006        1.8802860359112505E-002
  0.48851100000000003        1.8705310736993719E-002
  0.48951000000000006        1.8608138062164936E-002
  0.49050900000000003        1.8511340779951799E-002
  0.49150800000000006        1.8414917345564948E-002
  0.49250700000000003        1.8318866224044963E-002
  0.49350600000000006        1.8223185890207178E-002
  0.49450500000000003        1.8127874828587423E-002
  0.49550400000000006        1.8032931533386795E-002
  0.49650300000000003        1.7938354508418058E-002
  0.49750200000000006        1.7844142267051038E-002
  0.49850100000000003        1.7750293332159096E-002
  0.49950000000000006        1.7656806236065258E-002
  0.50049900000000003        1.7563679520489064E-002
  0.50149800000000000        1.7470911736493230E-002
  0.50249700000000008        1.7378501444430646E-002
  0.50349600000000005        1.7286447213891921E-002
  0.50449500000000003        1.7194747623652789E-002
  0.50549400000000000        1.7103401261621888E-002
  0.50649300000000008        1.7012406724788702E-002
  0.50749200000000005        1.6921762619171894E-002
  0.50849100000000003        1.6831467559767894E-002
  0.50949000000000000        1.6741520170499364E-002
  0.51048900000000008        1.6651919084164420E-002
  0.51148800000000005        1.6562662942385759E-002
  0.51248700000000003        1.6473750395560160E-002
  0.51348600000000011        1.6385180102808091E-002
  0.51448500000000008        1.6296950731923623E-002
  0.51548400000000005        1.6209060959324974E-002
  0.51648300000000003        1.6121509470004392E-002
  0.51748200000000011        1.6034294957479243E-002
  0.51848100000000008        1.5947416123742928E-002
  0.51948000000000005        1.5860871679215727E-002
  0.52047900000000002        1.5774660342696575E-002
  0.52147800000000011        1.5688780841314542E-002
  0.52247700000000008        1.5603231910480584E-002
  0.52347600000000005        1.5518012293840247E-002
  0.52447500000000002        1.5433120743225275E-002
  0.52547400000000011        1.5348556018606888E-002
  0.52647300000000008        1.5264316888048333E-002
  0.52747200000000005        1.5180402127658055E-002
  0.52847100000000002        1.5096810521543125E-002
  0.52947000000000011        1.5013540861762719E-002
  0.53046900000000008        1.4930591948282159E-002
  0.53146800000000005        1.4847962588926742E-002
  0.53246700000000002        1.4765651599336290E-002
  0.53346600000000011        1.4683657802919510E-002
  0.53446500000000008        1.4601980030808976E-002
  0.53546400000000005        1.4520617121815901E-002
  0.53646300000000002        1.4439567922385765E-002
  0.53746200000000011        1.4358831286553455E-002
  0.53846100000000008        1.4278406075899312E-002
  0.53946000000000005        1.4198291159504731E-002
  0.54045900000000002        1.4118485413908774E-002
  0.54145800000000011        1.4038987723064297E-002
  0.54245700000000008        1.3959796978294668E-002
  0.54345600000000005        1.3880912078250795E-002
  0.54445500000000002        1.3802331928867992E-002
  0.54545400000000011        1.3724055443323464E-002
  0.54645300000000008        1.3646081541993812E-002
  0.54745200000000005        1.3568409152413021E-002
  0.54845100000000002        1.3491037209230018E-002
  0.54945000000000010        1.3413964654167372E-002
  0.55044900000000008        1.3337190435979269E-002
  0.55144800000000005        1.3260713510410667E-002
  0.55244700000000002        1.3184532840155624E-002
  0.55344600000000010        1.3108647394816824E-002
  0.55444500000000008        1.3033056150864610E-002
  0.55544400000000005        1.2957758091596591E-002
  0.55644300000000002        1.2882752207097309E-002
  0.55744200000000010        1.2808037494198130E-002
  0.55844100000000008        1.2733612956437454E-002
  0.55944000000000005        1.2659477604020924E-002
  0.56043900000000002        1.2585630453782026E-002
  0.56143800000000010        1.2512070529142766E-002
  0.56243700000000008        1.2438796860074599E-002
  0.56343600000000005        1.2365808483059577E-002
  0.56443500000000002        1.2293104441051562E-002
  0.56543400000000010        1.2220683783437825E-002
  0.56643300000000008        1.2148545566000741E-002
  0.56743200000000005        1.2076688850879586E-002
  0.56843100000000002        1.2005112706532539E-002
  0.56943000000000010        1.1933816207699182E-002
  0.57042900000000007        1.1862798435362670E-002
  0.57142800000000005        1.1792058476712447E-002
  0.57242700000000002        1.1721595425107015E-002
  0.57342600000000010        1.1651408380036928E-002
  0.57442500000000007        1.1581496447087848E-002
  0.57542400000000005        1.1511858737903937E-002
  0.57642300000000002        1.1442494370151253E-002
  0.57742200000000010        1.1373402467481492E-002
  0.57842100000000007        1.1304582159495662E-002
  0.57942000000000005        1.1236032581708185E-002
  0.58041900000000002        1.1167752875510922E-002
  0.58141800000000010        1.1099742188137534E-002
  0.58241700000000007        1.1031999672627853E-002
  0.58341600000000005        1.0964524487792653E-002
  0.58441500000000002        1.0897315798178136E-002
  0.58541400000000010        1.0830372774030999E-002
  0.58641300000000007        1.0763694591263544E-002
  0.58741200000000005        1.0697280431418668E-002
  0.58841100000000002        1.0631129481635382E-002
  0.58941000000000010        1.0565240934614233E-002
  0.59040900000000007        1.0499613988582833E-002
  0.59140800000000004        1.0434247847261748E-002
  0.59240700000000002        1.0369141719830265E-002
  0.59340600000000010        1.0304294820892427E-002
  0.59440500000000007        1.0239706370443262E-002
  0.59540400000000004        1.0175375593834983E-002
  0.59640300000000002        1.0111301721743291E-002
  0.59740200000000010        1.0047483990134089E-002
  0.59840100000000007        9.9839216402299747E-003
  0.59940000000000004        9.9206139184769490E-003
  0.60039900000000002        9.8575600765114426E-003
  0.60139800000000010        9.7947593711271066E-003
  0.60239700000000007        9.7322110642420693E-003
  0.60339600000000004        9.6699144228659800E-003
  0.60439500000000002        9.6078687190673615E-003
  0.60539400000000010        9.5460732299410527E-003
  0.60639300000000007        9.4845272375755855E-003
  0.60739200000000004        9.4232300290208824E-003
  0.60839100000000002        9.3621808962558953E-003
  0.60939000000000010        9.3013791361563625E-003
  0.61038900000000007        9.2408240504627103E-003
  0.61138800000000004        9.1805149457480553E-003
  0.61238700000000001        9.1204511333860504E-003
  0.61338600000000010        9.0606319295191730E-003
  0.61438500000000007        9.0010566550269133E-003
  0.61538400000000004        8.9417246354940097E-003
  0.61638300000000001        8.8826352011786968E-003
  0.61738200000000010        8.8237876869812545E-003
  0.61838100000000007        8.7651814324124777E-003
  0.61938000000000004        8.7068157815621480E-003
  0.62037900000000001        8.6486900830677321E-003
  0.62137800000000010        8.5908036900830143E-003
  0.62237700000000007        8.5331559602467889E-003
  0.62337600000000004        8.4757462556517144E-003
  0.62437500000000001        8.4185739428131734E-003
  0.62537400000000010        8.3616383926380534E-003
  0.62637300000000007        8.3049389803937692E-003
  0.62737200000000004        8.2484750856772170E-003
  0.62837100000000001        8.1922460923838543E-003
  0.62937000000000010        8.1362513886766574E-003
  0.63036900000000007        8.0804903669553594E-003
  0.63136800000000004        8.0249624238254418E-003
  0.63236700000000001        7.9696669600674546E-003
  0.63336600000000010        7.9146033806060667E-003
  0.63436500000000007        7.8597710944794466E-003
  0.63536400000000004        7.8051695148083902E-003
  0.63636300000000001        7.7507980587656240E-003
  0.63736200000000010        7.6966561475451927E-003
  0.63836100000000007        7.6427432063315964E-003
  0.63936000000000004        7.5890586642692916E-003
  0.64035900000000012        7.5356019544319157E-003
  0.64135800000000009        7.4823725137916526E-003
  0.64235700000000007        7.4293697831886241E-003
  0.64335600000000004        7.3765932073002081E-003
  0.64435500000000012        7.3240422346104467E-003
  0.64535400000000009        7.2717163173793295E-003
  0.64635300000000007        7.2196149116121955E-003
  0.64735200000000004        7.1677374770291831E-003
  0.64835100000000012        7.1160834770343812E-003
  0.64935000000000009        7.0646523786852787E-003
  0.65034900000000007        7.0134436526620748E-003
  0.65134800000000004        6.9624567732370453E-003
  0.65234700000000012        6.9116912182436612E-003
  0.65334600000000009        6.8611464690461130E-003
  0.65434500000000007        6.8108220105083375E-003
  0.65534400000000004        6.7607173309633317E-003
  0.65634300000000012        6.7108319221824506E-003
  0.65734200000000009        6.6611652793443802E-003
  0.65834100000000007        6.6117169010045211E-003
  0.65934000000000004        6.5624862890638980E-003
  0.66033900000000012        6.5134729487383684E-003
  0.66133800000000009        6.4646763885276544E-003
  0.66233700000000006        6.4160961201843334E-003
  0.66333600000000004        6.3677316586827860E-003
  0.66433500000000012        6.3195825221881372E-003
  0.66533400000000009        6.2716482320252405E-003
  0.66633300000000006        6.2239283126473612E-003
  0.66733200000000004        6.1764222916051133E-003
  0.66833100000000012        6.1291296995151477E-003
  0.66933000000000009        6.0820500700288563E-003
  0.67032900000000006        6.0351829398010599E-003
  0.67132800000000004        5.9885278484585556E-003
  0.67232700000000012        5.9420843385687124E-003
  0.67332600000000009        5.8958519556080039E-003
  0.67432500000000006        5.8498302479303207E-003
  0.67532400000000004        5.8040187667355034E-003
  0.67632300000000012        5.7584170660375834E-003
  0.67732200000000009        5.7130247026330556E-003
  0.67832100000000006        5.6678412360691597E-003
  0.67932000000000003        5.6228662286119634E-003
  0.68031900000000012        5.5780992452144594E-003
  0.68131800000000009        5.5335398534846836E-003
  0.68231700000000006        5.4891876236536101E-003
  0.68331600000000003        5.4450421285430770E-003
  0.68431500000000012        5.4011029435336632E-003
  0.68531400000000009        5.3573696465324871E-003
  0.68631300000000006        5.3138418179409239E-003
  0.68731200000000003        5.2705190406222872E-003
  0.68831100000000012        5.2274008998694447E-003
  0.68931000000000009        5.1844869833724116E-003
  0.69030900000000006        5.1417768811857674E-003
  0.69130800000000003        5.0992701856962027E-003
  0.69230700000000012        5.0569664915898153E-003
  0.69330600000000009        5.0148653958195276E-003
  0.69430500000000006        4.9729664975722730E-003
  0.69530400000000003        4.9312693982363712E-003
  0.69630300000000012        4.8897737013685293E-003
  0.69730200000000009        4.8484790126610989E-003
  0.69830100000000006        4.8073849399091354E-003
  0.69930000000000003        4.7664910929774568E-003
  0.70029900000000012        4.7257970837675835E-003
  0.70129800000000009        4.6853025261848298E-003
  0.70229700000000006        4.6450070361051124E-003
  0.70329600000000003        4.6049102313418929E-003
  0.70429500000000012        4.5650117316131614E-003
  0.70529400000000009        4.5253111585081456E-003
  0.70629300000000006        4.4858081354542017E-003
  0.70729200000000003        4.4465022876836475E-003
  0.70829100000000011        4.4073932422005815E-003
  0.70929000000000009        4.3684806277476942E-003
  0.71028900000000006        4.3297640747730088E-003
  0.71128800000000003        4.2912432153968099E-003
  0.71228700000000011        4.2529176833783358E-003
  0.71328600000000009        4.2147871140827773E-003
  0.71428500000000006        4.1768511444480088E-003
  0.71528400000000003        4.1391094129515603E-003
  0.71628300000000011        4.1015615595775615E-003
  0.71728200000000009        4.0642072257837166E-003
  0.71828100000000006        4.0270460544683242E-003
  0.71928000000000003        3.9900776899374456E-003
  0.72027900000000011        3.9533017778720014E-003
  0.72127800000000009        3.9167179652951616E-003
  0.72227700000000006        3.8803259005394945E-003
  0.72327600000000003        3.8441252332146640E-003
  0.72427500000000011        3.8081156141748216E-003
  0.72527400000000009        3.7722966954863674E-003
  0.72627300000000006        3.7366681303957461E-003
  0.72727200000000003        3.7012295732975014E-003
  0.72827100000000011        3.6659806797022737E-003
  0.72927000000000008        3.6309211062052252E-003
  0.73026900000000006        3.5960505104544733E-003
  0.73126800000000003        3.5613685511198473E-003
  0.73226700000000011        3.5268748878616815E-003
  0.73326600000000008        3.4925691813001095E-003
  0.73426500000000006        3.4584510929843147E-003
  0.73526400000000003        3.4245202853622723E-003
  0.73626300000000011        3.3907764217506603E-003
  0.73726200000000008        3.3572191663050811E-003
  0.73826100000000006        3.3238481839906265E-003
  0.73926000000000003        3.2906631405527410E-003
  0.74025900000000011        3.2576637024884819E-003
  0.74125800000000008        3.2248495370181792E-003
  0.74225700000000006        3.1922203120573690E-003
  0.74325600000000003        3.1597756961893137E-003
  0.74425500000000011        3.1275153586378165E-003
  0.74525400000000008        3.0954389692406481E-003
  0.74625300000000006        3.0635461984233185E-003
  0.74725200000000003        3.0318367171734821E-003
  0.74825100000000011        3.0003101970157843E-003
  0.74925000000000008        2.9689663099874046E-003
  0.75024900000000005        2.9378047286140493E-003
  0.75124800000000003        2.9068251258866857E-003
  0.75224700000000011        2.8760271752388648E-003
  0.75324600000000008        2.8454105505247751E-003
  0.75424500000000005        2.8149749259979476E-003
  0.75524400000000003        2.7847199762907910E-003
  0.75624300000000011        2.7546453763948367E-003
  0.75724200000000008        2.7247508016418559E-003
  0.75824100000000005        2.6950359276857435E-003
  0.75924000000000003        2.6655004304854072E-003
  0.76023900000000011        2.6361439862884646E-003
  0.76123800000000008        2.6069662716159767E-003
  0.76223700000000005        2.5779669632481315E-003
  0.76323600000000003        2.5491457382109876E-003
  0.76423500000000011        2.5205022737643129E-003
  0.76523400000000008        2.4920362473905191E-003
  0.76623300000000005        2.4637473367847373E-003
  0.76723200000000014        2.4356352198461845E-003
  0.76823100000000011        2.4076995746706805E-003
  0.76923000000000008        2.3799400795445312E-003
  0.77022900000000005        2.3523564129397344E-003
  0.77122800000000014        2.3249482535105774E-003
  0.77222700000000011        2.2977152800916691E-003
  0.77322600000000008        2.2706571716974832E-003
  0.77422500000000005        2.2437736075234271E-003
  0.77522400000000014        2.2170642669485110E-003
  0.77622300000000011        2.1905288295396399E-003
  0.77722200000000008        2.1641669750576682E-003
  0.77822100000000005        2.1379783834651065E-003
  0.77922000000000013        2.1119627349357305E-003
  0.78021900000000011        2.0861197098660561E-003
  0.78121800000000008        2.0604489888886145E-003
  0.78221700000000005        2.0349502528873727E-003
  0.78321600000000013        2.0096231830150604E-003
  0.78421500000000011        1.9844674607127155E-003
  0.78521400000000008        1.9594827677312395E-003
  0.78621300000000005        1.9346687861552980E-003
  0.78721200000000013        1.9100251984294468E-003
  0.78821100000000011        1.8855516873865971E-003
  0.78921000000000008        1.8612479362788811E-003
  0.79020900000000005        1.8371136288110076E-003
  0.79120800000000013        1.8131484491761001E-003
  0.79220700000000011        1.7893520820941508E-003
  0.79320600000000008        1.7657242128531071E-003
  0.79420500000000005        1.7422645273526877E-003
  0.79520400000000013        1.7189727121509507E-003
  0.79620300000000011        1.6958484545137108E-003
  0.79720200000000008        1.6728914424668144E-003
  0.79820100000000005        1.6501013648514272E-003
  0.79920000000000013        1.6274779113822802E-003
  0.80019900000000010        1.6050207727089988E-003
  0.80119800000000008        1.5827296404805965E-003
  0.80219700000000005        1.5606042074130582E-003
  0.80319600000000013        1.5386441673602698E-003
  0.80419500000000010        1.5168492153881572E-003
  0.80519400000000008        1.4952190478521512E-003
  0.80619300000000005        1.4737533624781063E-003
  0.80719200000000013        1.4524518584465649E-003
  0.80819100000000010        1.4313142364805389E-003
  0.80919000000000008        1.4103401989367557E-003
  0.81018900000000005        1.3895294499004696E-003
  0.81118800000000013        1.3688816952838170E-003
  0.81218700000000010        1.3483966429277856E-003
  0.81318600000000008        1.3280740027077711E-003
  0.81418500000000005        1.3079134866427475E-003
  0.81518400000000013        1.2879148090081188E-003
  0.81618300000000010        1.2680776864521708E-003
  0.81718200000000007        1.2484018381161432E-003
  0.81818100000000005        1.2288869857579677E-003
  0.81918000000000013        1.2095328538795659E-003
  0.82017900000000010        1.1903391698577404E-003
  0.82117800000000007        1.1713056640785988E-003
  0.82217700000000005        1.1524320700754675E-003
  0.82317600000000013        1.1337181246702324E-003
  0.82417500000000010        1.1151635681180610E-003
  0.82517400000000007        1.0967681442553871E-003
  0.82617300000000005        1.0785316006510957E-003
  0.82717200000000013        1.0604536887607995E-003
  0.82817100000000010        1.0425341640840624E-003
  0.82917000000000007        1.0247727863244621E-003
  0.83016900000000005        1.0071693195523117E-003
  0.83116800000000013        9.8972353236989109E-004
  0.83216700000000010        9.7243519807902119E-004
  0.83316600000000007        9.5530409485066164E-004
  0.83416500000000005        9.3833000589646617E-004
  0.83516400000000013        9.2151271964192470E-004
  0.83616300000000010        9.0485202990086503E-004
  0.83716200000000007        8.8834773605098161E-004
  0.83816100000000004        8.7199964321013244E-004
  0.83916000000000013        8.5580756241295951E-004
  0.84015900000000010        8.3977131078755434E-004
  0.84115800000000007        8.2389071173165536E-004
  0.84215700000000004        8.0816559508803453E-004
  0.84315600000000013        7.9259579731851915E-004
  0.84415500000000010        7.7718116167617977E-004
  0.84515400000000007        7.6192153837511569E-004
  0.84615300000000004        7.4681678475729243E-004
  0.84715200000000013        7.3186676545574508E-004
  0.84815100000000010        7.1707135255354897E-004
  0.84915000000000007        7.0243042573777531E-004
  0.85014900000000004        6.8794387244775564E-004
  0.85114800000000013        6.7361158801677336E-004
  0.85214700000000010        6.5943347580640097E-004
  0.85314600000000007        6.4540944733251868E-004
  0.85414500000000004        6.3153942238209965E-004
  0.85514400000000013        6.1782332911973828E-004
  0.85614300000000010        6.0426110418284836E-004
  0.85714200000000007        5.9085269276438828E-004
  0.85814100000000004        5.7759804868197243E-004
  0.85914000000000013        5.6449713443205410E-004
  0.86013900000000010        5.5154992122792091E-004
  0.86113800000000007        5.3875638902007748E-004
  0.86213700000000004        5.2611652649758043E-004
  0.86313600000000013        5.1363033106881706E-004
  0.86413500000000010        5.0129780882011456E-004
  0.86513400000000007        4.8911897445051244E-004
  0.86613300000000004        4.7709385118099265E-004
  0.86713200000000012        4.6522247063631074E-004
  0.86813100000000010        4.5350487269756214E-004
  0.86913000000000007        4.4194110532351413E-004
  0.87012900000000004        4.3053122433865546E-004
  0.87112800000000012        4.1927529318585465E-004
  0.87212700000000010        4.0817338264141027E-004
  0.87312600000000007        3.9722557049023575E-004
  0.87412500000000004        3.8643194115884331E-004
  0.87512400000000012        3.7579258530367397E-004
  0.87612300000000010        3.6530759935232698E-004
  0.87712200000000007        3.5497708499507752E-004
  0.87812100000000004        3.4480114862411990E-004
  0.87912000000000012        3.3477990071780243E-004
  0.88011900000000010        3.2491345516714976E-004
  0.88111800000000007        3.1520192854186268E-004
  0.88211700000000004        3.0564543929297592E-004
  0.88311600000000012        2.9624410688930809E-004
  0.88411500000000010        2.8699805088481411E-004
  0.88511400000000007        2.7790738991391927E-004
  0.88611300000000004        2.6897224061193616E-004
  0.88711200000000012        2.6019271645766150E-004
  0.88811100000000009        2.5156892653526889E-004
  0.88911000000000007        2.4310097421264485E-004
  0.89010900000000004        2.3478895573340714E-004
  0.89110800000000012        2.2663295871988597E-004
  0.89210700000000009        2.1863306058445787E-004
  0.89310600000000007        2.1078932684674370E-004
  0.89410500000000004        2.0310180935435875E-004
  0.89510400000000012        1.9557054440502537E-004
  0.89610300000000009        1.8819555076813213E-004
  0.89710200000000007        1.8097682760401026E-004
  0.89810100000000015        1.7391435227953175E-004
  0.89910000000000012        1.6700807807891590E-004
  0.90009900000000009        1.6025793180901503E-004
  0.90109800000000007        1.5366381129876979E-004
  0.90209700000000015        1.4722558279296746E-004
  0.90309600000000012        1.4094307824097504E-004
  0.90409500000000009        1.3481609248168223E-004
  0.90509400000000007        1.2884438032652917E-004
  0.90609300000000015        1.2302765354320786E-004
  0.90709200000000012        1.1736557774337689E-004
  0.90809100000000009        1.1185776917859455E-004
  0.90909000000000006        1.0650379144959509E-004
  0.91008900000000015        1.0130315213502851E-004
  0.91108800000000012        9.6255299346883306E-005
  0.91208700000000009        9.1359618220979987E-005
  0.91308600000000006        8.6615427352199943E-005
  0.91408500000000015        8.2021975185470102E-005
  0.91508400000000012        7.7578436374978695E-005
  0.91608300000000009        7.3283908125654356E-005
  0.91708200000000006        6.9137406532596092E-005
  0.91808100000000015        6.5137862935878905E-005
  0.91908000000000012        6.1284120310014993E-005
  0.92007900000000009        5.7574929709270644E-005
  0.92107800000000006        5.4008946792080983E-005
  0.92207700000000015        5.0584728449883661E-005
  0.92307600000000012        4.7300729567886950E-005
  0.92407500000000009        4.4155299947499123E-005
  0.92507400000000006        4.1146681422438233E-005
  0.92607300000000015        3.8273005202829051E-005
  0.92707200000000012        3.5532289483901251E-005
  0.92807100000000009        3.2922437358174946E-005
  0.92907000000000006        3.0441235072241968E-005
  0.93006900000000015        2.8086350671367346E-005
  0.93106800000000012        2.5855333077117352E-005
  0.93206700000000009        2.3745611644998325E-005
  0.93306600000000006        2.1754496250629896E-005
  0.93406500000000015        1.9879177954171812E-005
  0.93506400000000012        1.8116730293534129E-005
  0.93606300000000009        1.6464111257211645E-005
  0.93706200000000006        1.4918165987315496E-005
  0.93806100000000014        1.3475630262401870E-005
  0.93906000000000012        1.2133134807919009E-005
  0.94005900000000009        1.0887210479361712E-005
  0.94105800000000006        9.7342943594209750E-006
  0.94205700000000014        8.6707368053708677E-006
  0.94305600000000012        7.6928094765224621E-006
  0.94405500000000009        6.7967143636171899E-006
  0.94505400000000006        5.9785938323957917E-006
  0.94605300000000014        5.2345416821005232E-006
  0.94705200000000012        4.5606152062351011E-006
  0.94805100000000009        3.9528482273971181E-006
  0.94905000000000006        3.4072650603547436E-006
  0.95004900000000014        2.9198953377298804E-006
  0.95104800000000012        2.4867896107297649E-006
  0.95204700000000009        2.1040356134617664E-006
  0.95304600000000006        1.7677750537151877E-006
  0.95404500000000014        1.4742207660622888E-006
  0.95504400000000012        1.2196740352491874E-006
  0.95604300000000009        1.0005418698170500E-006
  0.95704200000000006        8.1335397863121588E-007
  0.95804100000000014        6.5477917763157987E-007
  0.95904000000000011        5.2164093202931088E-007
  0.96003900000000009        4.1093172196636479E-007
  0.96103800000000006        3.1982590915255996E-007
  0.96203700000000014        2.4569078019403470E-007
  0.96303600000000011        1.8609545132176018E-007
  0.96403500000000009        1.3881734108916436E-007
  0.96503400000000006        1.0184595422174345E-007
  0.96603300000000014        7.3383772652796934E-008
  0.96703200000000011        5.1844119683620902E-008
  0.96803100000000009        3.5845949993434879E-008
  0.96903000000000006        2.4205620400147847E-008
  0.97002900000000014        1.5925810685725229E-008
  0.97102800000000011        1.0181885368535907E-008
  0.97202700000000009        6.3061088812424342E-009
  0.97302600000000006        3.7702390729195933E-009
  0.97402500000000014        2.1671166224319028E-009
  0.97502400000000011        1.1919294530150320E-009
  0.97602300000000008        6.2385084400143575E-010
  0.97702200000000006        3.0871935633030378E-010
  0.97802100000000014        1.4334417364306904E-010
  0.97902000000000011        6.1883836266722064E-011
  0.98001900000000008        2.4570440161302059E-011
  0.98101800000000006        8.8541390040801866E-012
  0.98201700000000014        2.8494492282350837E-012
  0.98301600000000011        8.0276670558793970E-013
  0.98401500000000008        1.9310680420409873E-013
  0.98501400000000006        3.8429317028018235E-014
  0.98601300000000014        6.0749279936602032E-015
  0.98701200000000011        7.2337109421680229E-016
  0.98801100000000008        6.0445074222495056E-017
  0.98901000000000006        3.2180555878024024E-018
  0.99000900000000014        9.5353155495737162E-020
  0.99100800000000011        1.2934954509902651E-021
  0.99200700000000008        5.9931820368449394E-024
  0.99300600000000006        5.9854560373391509E-027
  0.99400500000000014        5.9829303277603934E-031
  0.99500400000000011        1.5047155381059167E-036
  0.99600300000000008        6.0195265301388105E-045
  0.99700200000000005        6.1057597273404517E-059
  0.99800100000000014        6.4016430658050322E-087
  0.99900000000000011        8.4392082309741293E-171
