   9.9900000000000010E-004  -2.0431311782805630E-085
   1.9980000000000002E-003  -1.3443314836147759E-044
   2.9970000000000005E-003  -5.4433245741627682E-031
   3.9960000000000004E-003  -3.4712793407925062E-024
   4.9950000000000003E-003  -4.2073312849182083E-020
   5.9940000000000011E-003  -2.2230915043970704E-017
   6.9930000000000010E-003  -1.9607892252096463E-015
   7.9920000000000008E-003  -5.6490094675280166E-014
   8.9910000000000007E-003  -7.7188217272094554E-013
   9.9900000000000006E-003  -6.2567505977124218E-012
   1.0989000000000001E-002  -3.4690364764138240E-011
   1.1988000000000002E-002  -1.4466380153353549E-010
   1.2987000000000002E-002  -4.8455709101693801E-010
   1.3986000000000002E-002  -1.3663189624802235E-009
   1.4985000000000002E-002  -3.3568547934492332E-009
   1.5984000000000002E-002  -7.3739439348143452E-009
   1.6983000000000002E-002  -1.4771649828256879E-008
   1.7982000000000001E-002  -2.7402464811834323E-008
   1.8981000000000001E-002  -4.7648275690087631E-008
   1.9980000000000001E-002  -7.8417702086465215E-008
   2.0979000000000001E-002  -1.2311203098643152E-007
   2.1978000000000001E-002  -1.8556516721597046E-007
   2.2977000000000001E-002  -2.6996465449034320E-007
   2.3976000000000004E-002  -3.8076115545702026E-007
   2.4975000000000004E-002  -5.2257320361567868E-007
   2.5974000000000004E-002  -7.0009293971877076E-007
   2.6973000000000004E-002  -9.1799723019581967E-007
   2.7972000000000004E-002  -1.1808672518978675E-006
   2.8971000000000004E-002  -1.4931184471865864E-006
   2.9970000000000004E-002  -1.8589417706245924E-006
   3.0969000000000003E-002  -2.2822563815532101E-006
   3.1968000000000003E-002  -2.7666733753195205E-006
   3.2967000000000003E-002  -3.3154697641553876E-006
   3.3966000000000003E-002  -3.9315716848696699E-006
   3.4965000000000003E-002  -4.6175456923186034E-006
   3.5964000000000003E-002  -5.3755969655927542E-006
   3.6963000000000003E-002  -6.2075732828264839E-006
   3.7962000000000003E-002  -7.1149736900267312E-006
   3.8961000000000003E-002  -8.0989608833774967E-006
   3.9960000000000002E-002  -9.1603764311051356E-006
   4.0959000000000002E-002  -1.0299758071534415E-005
   4.1958000000000002E-002  -1.1517358432427746E-005
   4.2957000000000002E-002  -1.2813164619166750E-005
   4.3956000000000002E-002  -1.4186918213470904E-005
   4.4955000000000002E-002  -1.5638135308929698E-005
   4.5954000000000002E-002  -1.7166126284286682E-005
   4.6953000000000002E-002  -1.8770015080280637E-005
   4.7952000000000009E-002  -2.0448757801483709E-005
   4.8951000000000008E-002  -2.2201160511638919E-005
   4.9950000000000008E-002  -2.4025896130389730E-005
   5.0949000000000008E-002  -2.5921520371824815E-005
   5.1948000000000008E-002  -2.7886486691819021E-005
   5.2947000000000008E-002  -2.9919160232528410E-005
   5.3946000000000008E-002  -3.2017830769359937E-005
   5.4945000000000008E-002  -3.4180724678928080E-005
   5.5944000000000008E-002  -3.6406015956576924E-005
   5.6943000000000007E-002  -3.8691836319483087E-005
   5.7942000000000007E-002  -4.1036284436624080E-005
   5.8941000000000007E-002  -4.3437434330424563E-005
   5.9940000000000007E-002  -4.5893342996967474E-005
   6.0939000000000007E-002  -4.8402057292618304E-005
   6.1938000000000007E-002  -5.0961620134950561E-005
   6.2937000000000007E-002  -5.3570076065211364E-005
   6.3936000000000007E-002  -5.6225476218396495E-005
   6.4935000000000007E-002  -5.8925882745406451E-005
   6.5934000000000006E-002  -6.1669372729915693E-005
   6.6933000000000006E-002  -6.4454041640526086E-005
   6.7932000000000006E-002  -6.7278006356606256E-005
   6.8931000000000006E-002  -7.0139407803990298E-005
   6.9930000000000006E-002  -7.3036413234469968E-005
   7.0929000000000006E-002  -7.5967218180776573E-005
   7.1928000000000006E-002  -7.8930048116594644E-005
   7.2927000000000006E-002  -8.1923159849016871E-005
   7.3926000000000006E-002  -8.4944842668859555E-005
   7.4925000000000005E-002  -8.7993419282284899E-005
   7.5924000000000005E-002  -9.1067246545393531E-005
   7.6923000000000005E-002  -9.4164716021664569E-005
   7.7922000000000005E-002  -9.7284254380563596E-005
   7.8921000000000005E-002  -1.0042432365404845E-004
   7.9920000000000005E-002  -1.0358342136633102E-004
   8.0919000000000005E-002  -1.0676008055091537E-004
   8.1918000000000005E-002  -1.0995286966769652E-004
   8.2917000000000005E-002  -1.1316039243178029E-004
   8.3916000000000004E-002  -1.1638128756462831E-004
   8.4915000000000004E-002  -1.1961422847716962E-004
   8.5914000000000004E-002  -1.2285792289360410E-004
   8.6913000000000004E-002  -1.2611111242383750E-004
   8.7912000000000004E-002  -1.2937257209171519E-004
   8.8911000000000004E-002  -1.3264110982550190E-004
   8.9910000000000004E-002  -1.3591556591648386E-004
   9.0909000000000004E-002  -1.3919481245095204E-004
   9.1908000000000004E-002  -1.4247775272025907E-004
   9.2907000000000003E-002  -1.4576332061324728E-004
   9.3906000000000003E-002  -1.4905047999483979E-004
   9.4905000000000003E-002  -1.5233822407417167E-004
   9.5904000000000017E-002  -1.5562557476535182E-004
   9.6903000000000017E-002  -1.5891158204351061E-004
   9.7902000000000017E-002  -1.6219532329858258E-004
   9.8901000000000017E-002  -1.6547590268891678E-004
   9.9900000000000017E-002  -1.6875245049661477E-004
  0.10089900000000002       -1.7202412248625498E-004
  0.10189800000000002       -1.7529009926844238E-004
  0.10289700000000002       -1.7854958566944901E-004
  0.10389600000000002       -1.8180181010805845E-004
  0.10489500000000002       -1.8504602398055728E-004
  0.10589400000000002       -1.8828150105466395E-004
  0.10689300000000002       -1.9150753687313394E-004
  0.10789200000000002       -1.9472344816755813E-004
  0.10889100000000002       -1.9792857228291308E-004
  0.10989000000000002       -2.0112226661318043E-004
  0.11088900000000002       -2.0430390804839372E-004
  0.11188800000000002       -2.0747289243335936E-004
  0.11288700000000002       -2.1062863403819963E-004
  0.11388600000000001       -2.1377056504087884E-004
  0.11488500000000001       -2.1689813502175187E-004
  0.11588400000000001       -2.2001081047019915E-004
  0.11688300000000001       -2.2310807430330273E-004
  0.11788200000000001       -2.2618942539655141E-004
  0.11888100000000001       -2.2925437812648970E-004
  0.11988000000000001       -2.3230246192518757E-004
  0.12087900000000001       -2.3533322084644620E-004
  0.12187800000000001       -2.3834621314357030E-004
  0.12287700000000001       -2.4134101085856216E-004
  0.12387600000000001       -2.4431719942252984E-004
  0.12487500000000001       -2.4727437726717488E-004
  0.12587400000000001       -2.5021215544710748E-004
  0.12687300000000001       -2.5313015727283241E-004
  0.12787200000000001       -2.5602801795413638E-004
  0.12887100000000001       -2.5890538425371725E-004
  0.12987000000000001       -2.6176191415079418E-004
  0.13086900000000001       -2.6459727651448079E-004
  0.13186800000000001       -2.6741115078670073E-004
  0.13286700000000001       -2.7020322667441535E-004
  0.13386600000000001       -2.7297320385091730E-004
  0.13486500000000001       -2.7572079166600898E-004
  0.13586400000000001       -2.7844570886476240E-004
  0.13686300000000001       -2.8114768331472775E-004
  0.13786200000000001       -2.8382645174127263E-004
  0.13886100000000001       -2.8648175947092110E-004
  0.13986000000000001       -2.8911336018238345E-004
  0.14085900000000001       -2.9172101566517580E-004
  0.14185800000000001       -2.9430449558547875E-004
  0.14285700000000001       -2.9686357725915966E-004
  0.14385600000000001       -2.9939804543167013E-004
  0.14485500000000001       -3.0190769206464623E-004
  0.14585400000000001       -3.0439231612905182E-004
  0.14685300000000001       -3.0685172340456430E-004
  0.14785200000000001       -3.0928572628518642E-004
  0.14885100000000001       -3.1169414359073007E-004
  0.14985000000000001       -3.1407680038411466E-004
  0.15084900000000001       -3.1643352779423223E-004
  0.15184800000000001       -3.1876416284428165E-004
  0.15284700000000001       -3.2106854828531064E-004
  0.15384600000000001       -3.2334653243491779E-004
  0.15484500000000001       -3.2559796902086648E-004
  0.15584400000000001       -3.2782271702949981E-004
  0.15684300000000001       -3.3002064055880949E-004
  0.15784200000000001       -3.3219160867601954E-004
  0.15884100000000001       -3.3433549527950854E-004
  0.15984000000000001       -3.3645217896497923E-004
  0.16083900000000001       -3.3854154289572472E-004
  0.16183800000000001       -3.4060347467688241E-004
  0.16283700000000001       -3.4263786623347690E-004
  0.16383600000000001       -3.4464461369229036E-004
  0.16483500000000001       -3.4662361726722800E-004
  0.16583400000000001       -3.4857478114826227E-004
  0.16683300000000001       -3.5049801339375906E-004
  0.16783200000000001       -3.5239322582603002E-004
  0.16883100000000001       -3.5426033393015139E-004
  0.16983000000000001       -3.5609925675576386E-004
  0.17082900000000001       -3.5790991682194649E-004
  0.17182800000000001       -3.5969224002491677E-004
  0.17282700000000001       -3.6144615554857952E-004
  0.17382600000000001       -3.6317159577772248E-004
  0.17482500000000001       -3.6486849621392766E-004
  0.17582400000000001       -3.6653679539393739E-004
  0.17682300000000001       -3.6817643481053903E-004
  0.17782200000000001       -3.6978735883582678E-004
  0.17882100000000001       -3.7136951464677211E-004
  0.17982000000000001       -3.7292285215302184E-004
  0.18081900000000001       -3.7444732392691684E-004
  0.18181800000000001       -3.7594288513553479E-004
  0.18281700000000001       -3.7740949347482892E-004
  0.18381600000000001       -3.7884710910573820E-004
  0.18481500000000001       -3.8025569459218626E-004
  0.18581400000000001       -3.8163521484093276E-004
  0.18681300000000001       -3.8298563704325205E-004
  0.18781200000000001       -3.8430693061832226E-004
  0.18881100000000001       -3.8559906715830906E-004
  0.18981000000000001       -3.8686202037509047E-004
  0.19080900000000001       -3.8809576604852277E-004
  0.19180800000000003       -3.8930028197634497E-004
  0.19280700000000003       -3.9047554792545635E-004
  0.19380600000000003       -3.9162154558467719E-004
  0.19480500000000003       -3.9273825851894145E-004
  0.19580400000000003       -3.9382567212479575E-004
  0.19680300000000003       -3.9488377358723415E-004
  0.19780200000000003       -3.9591255183781156E-004
  0.19880100000000003       -3.9691199751397459E-004
  0.19980000000000003       -3.9788210291960357E-004
  0.20079900000000003       -3.9882286198669351E-004
  0.20179800000000003       -3.9973427023821343E-004
  0.20279700000000003       -4.0061632475199815E-004
  0.20379600000000003       -4.0146902412568306E-004
  0.20479500000000003       -4.0229236844279722E-004
  0.20579400000000003       -4.0308635923964902E-004
  0.20679300000000003       -4.0385099947337492E-004
  0.20779200000000003       -4.0458629349078768E-004
  0.20879100000000003       -4.0529224699819677E-004
  0.20979000000000003       -4.0596886703208988E-004
  0.21078900000000003       -4.0661616193070598E-004
  0.21178800000000003       -4.0723414130636242E-004
  0.21278700000000003       -4.0782281601866780E-004
  0.21378600000000003       -4.0838219814847619E-004
  0.21478500000000003       -4.0891230097259270E-004
  0.21578400000000003       -4.0941313893925292E-004
  0.21678300000000003       -4.0988472764427785E-004
  0.21778200000000003       -4.1032708380793205E-004
  0.21878100000000003       -4.1074022525248560E-004
  0.21978000000000003       -4.1112417088038267E-004
  0.22077900000000003       -4.1147894065306749E-004
  0.22177800000000003       -4.1180455557045812E-004
  0.22277700000000003       -4.1210103765094541E-004
  0.22377600000000003       -4.1236840991204548E-004
  0.22477500000000003       -4.1260669635157714E-004
  0.22577400000000003       -4.1281592192938594E-004
  0.22677300000000003       -4.1299611254962761E-004
  0.22777200000000003       -4.1314729504354682E-004
  0.22877100000000003       -4.1326949715276494E-004
  0.22977000000000003       -4.1336274751305234E-004
  0.23076900000000003       -4.1342707563858595E-004
  0.23176800000000003       -4.1346251190664275E-004
  0.23276700000000003       -4.1346908754277855E-004
  0.23376600000000003       -4.1344683460641158E-004
  0.23476500000000003       -4.1339578597683694E-004
  0.23576400000000003       -4.1331597533965689E-004
  0.23676300000000003       -4.1320743717360983E-004
  0.23776200000000003       -4.1307020673778398E-004
  0.23876100000000003       -4.1290432005921369E-004
  0.23976000000000003       -4.1270981392082422E-004
  0.24075900000000003       -4.1248672584977508E-004
  0.24175800000000003       -4.1223509410611575E-004
  0.24275700000000003       -4.1195495767177095E-004
  0.24375600000000003       -4.1164635623989879E-004
  0.24475500000000003       -4.1130933020451597E-004
  0.24575400000000003       -4.1094392065048856E-004
  0.24675300000000003       -4.1055016934373942E-004
  0.24775200000000003       -4.1012811872188513E-004
  0.24875100000000003       -4.0967781188500730E-004
  0.24975000000000003       -4.0919929258681319E-004
  0.25074900000000000       -4.0869260522603552E-004
  0.25174800000000003       -4.0815779483803575E-004
  0.25274700000000000       -4.0759490708678199E-004
  0.25374600000000003       -4.0700398825697980E-004
  0.25474500000000000       -4.0638508524646190E-004
  0.25574400000000003       -4.0573824555886984E-004
  0.25674300000000005       -4.0506351729648797E-004
  0.25774200000000003       -4.0436094915337177E-004
  0.25874100000000005       -4.0363059040864410E-004
  0.25974000000000003       -4.0287249092004249E-004
  0.26073900000000005       -4.0208670111761531E-004
  0.26173800000000003       -4.0127327199770274E-004
  0.26273700000000005       -4.0043225511706939E-004
  0.26373600000000003       -3.9956370258718089E-004
  0.26473500000000005       -3.9866766706877761E-004
  0.26573400000000003       -3.9774420176652033E-004
  0.26673300000000005       -3.9679336042390659E-004
  0.26773200000000003       -3.9581519731826583E-004
  0.26873100000000005       -3.9480976725602074E-004
  0.26973000000000003       -3.9377712556801670E-004
  0.27072900000000005       -3.9271732810509951E-004
  0.27172800000000003       -3.9163043123377917E-004
  0.27272700000000005       -3.9051649183209446E-004
  0.27372600000000002       -3.8937556728558907E-004
  0.27472500000000005       -3.8820771548345688E-004
  0.27572400000000002       -3.8701299481481863E-004
  0.27672300000000005       -3.8579146416513723E-004
  0.27772200000000002       -3.8454318291277243E-004
  0.27872100000000005       -3.8326821092567138E-004
  0.27972000000000002       -3.8196660855813994E-004
  0.28071900000000005       -3.8063843664781614E-004
  0.28171800000000002       -3.7928375651269874E-004
  0.28271700000000005       -3.7790262994834002E-004
  0.28371600000000002       -3.7649511922512442E-004
  0.28471500000000005       -3.7506128708568622E-004
  0.28571400000000002       -3.7360119674237905E-004
  0.28671300000000005       -3.7211491187495374E-004
  0.28771200000000002       -3.7060249662824112E-004
  0.28871100000000005       -3.6906401561002131E-004
  0.28971000000000002       -3.6749953388890257E-004
  0.29070900000000005       -3.6590911699238175E-004
  0.29170800000000002       -3.6429283090498322E-004
  0.29270700000000005       -3.6265074206643722E-004
  0.29370600000000002       -3.6098291736999348E-004
  0.29470500000000005       -3.5928942416087276E-004
  0.29570400000000002       -3.5757033023464825E-004
  0.29670300000000005       -3.5582570383593007E-004
  0.29770200000000002       -3.5405561365694978E-004
  0.29870100000000005       -3.5226012883631360E-004
  0.29970000000000002       -3.5043931895782090E-004
  0.30069900000000005       -3.4859325404934868E-004
  0.30169800000000002       -3.4672200458184309E-004
  0.30269700000000005       -3.4482564146834344E-004
  0.30369600000000002       -3.4290423606311550E-004
  0.30469500000000005       -3.4095786016080730E-004
  0.30569400000000002       -3.3898658599575290E-004
  0.30669300000000005       -3.3699048624130141E-004
  0.30769200000000002       -3.3496963400915194E-004
  0.30869100000000005       -3.3292410284888242E-004
  0.30969000000000002       -3.3085396674744781E-004
  0.31068900000000005       -3.2875930012875413E-004
  0.31168800000000002       -3.2664017785332793E-004
  0.31268700000000005       -3.2449667521801412E-004
  0.31368600000000002       -3.2232886795576621E-004
  0.31468500000000005       -3.2013683223543893E-004
  0.31568400000000002       -3.1792064466170473E-004
  0.31668300000000005       -3.1568038227497680E-004
  0.31768200000000002       -3.1341612255139905E-004
  0.31868100000000005       -3.1112794340290757E-004
  0.31968000000000002       -3.0881592317731621E-004
  0.32067900000000005       -3.0648014065847898E-004
  0.32167800000000002       -3.0412067506649886E-004
  0.32267700000000005       -3.0173760605794016E-004
  0.32367600000000002       -2.9933101372617315E-004
  0.32467500000000005       -2.9690097860169014E-004
  0.32567400000000002       -2.9444758165253699E-004
  0.32667300000000005       -2.9197090428469119E-004
  0.32767200000000002       -2.8947102834262438E-004
  0.32867100000000005       -2.8694803610975725E-004
  0.32967000000000002       -2.8440201030905624E-004
  0.33066900000000005       -2.8183303410368889E-004
  0.33166800000000002       -2.7924119109761674E-004
  0.33266700000000005       -2.7662656533635144E-004
  0.33366600000000002       -2.7398924130761916E-004
  0.33466500000000005       -2.7132930394222182E-004
  0.33566400000000002       -2.6864683861479798E-004
  0.33666300000000005       -2.6594193114467580E-004
  0.33766200000000002       -2.6321466779679427E-004
  0.33866100000000005       -2.6046513528263089E-004
  0.33966000000000002       -2.5769342076114807E-004
  0.34065900000000005       -2.5489961183976857E-004
  0.34165800000000002       -2.5208379657550077E-004
  0.34265700000000004       -2.4924606347589463E-004
  0.34365600000000002       -2.4638650150024733E-004
  0.34465500000000004       -2.4350520006068276E-004
  0.34565400000000002       -2.4060224902331905E-004
  0.34665300000000004       -2.3767773870953885E-004
  0.34765200000000002       -2.3473175989710036E-004
  0.34865100000000004       -2.3176440382157066E-004
  0.34965000000000002       -2.2877576217746526E-004
  0.35064900000000004       -2.2576592711967045E-004
  0.35164800000000002       -2.2273499126476324E-004
  0.35264700000000004       -2.1968304769244738E-004
  0.35364600000000002       -2.1661018994688312E-004
  0.35464500000000004       -2.1351651203821391E-004
  0.35564400000000002       -2.1040210844402443E-004
  0.35664300000000004       -2.0726707411077938E-004
  0.35764200000000002       -2.0411150445544555E-004
  0.35864100000000004       -2.0093549536698161E-004
  0.35964000000000002       -1.9773914320797103E-004
  0.36063900000000004       -1.9452254481616718E-004
  0.36163800000000001       -1.9128579750617928E-004
  0.36263700000000004       -1.8802899907113794E-004
  0.36363600000000001       -1.8475224778435431E-004
  0.36463500000000004       -1.8145564240101077E-004
  0.36563400000000001       -1.7813928215997058E-004
  0.36663300000000004       -1.7480326678545897E-004
  0.36763200000000001       -1.7144769648889623E-004
  0.36863100000000004       -1.6807267197070275E-004
  0.36963000000000001       -1.6467829442209095E-004
  0.37062900000000004       -1.6126466552696011E-004
  0.37162800000000001       -1.5783188746376696E-004
  0.37262700000000004       -1.5438006290740530E-004
  0.37362600000000001       -1.5090929503114195E-004
  0.37462500000000004       -1.4741968750856674E-004
  0.37562400000000001       -1.4391134451554070E-004
  0.37662300000000004       -1.4038437073219089E-004
  0.37762200000000001       -1.3683887134491166E-004
  0.37862100000000004       -1.3327495204841735E-004
  0.37962000000000001       -1.2969271904775896E-004
  0.38061900000000004       -1.2609227906040622E-004
  0.38161800000000001       -1.2247373931835380E-004
  0.38261700000000004       -1.1883720757019080E-004
  0.38361600000000007       -1.1518279208328959E-004
  0.38461500000000004       -1.1151060164588469E-004
  0.38561400000000007       -1.0782074556930544E-004
  0.38661300000000004       -1.0411333369011100E-004
  0.38761200000000007       -1.0038847637234301E-004
  0.38861100000000004       -9.6646284509695015E-005
  0.38961000000000007       -9.2886869527804188E-005
  0.39060900000000004       -8.9110343386486691E-005
  0.39160800000000007       -8.5316818582046515E-005
  0.39260700000000004       -8.1506408149510868E-005
  0.39360600000000007       -7.7679225665006402E-005
  0.39460500000000004       -7.3835385248050055E-005
  0.39560400000000007       -6.9975001563926458E-005
  0.39660300000000004       -6.6098189826038423E-005
  0.39760200000000007       -6.2205065798291300E-005
  0.39860100000000004       -5.8295745797467338E-005
  0.39960000000000007       -5.4370346695711652E-005
  0.40059900000000004       -5.0428985922859100E-005
  0.40159800000000007       -4.6471781468988569E-005
  0.40259700000000004       -4.2498851886798400E-005
  0.40359600000000007       -3.8510316294151429E-005
  0.40459500000000004       -3.4506294376511833E-005
  0.40559400000000007       -3.0486906389508637E-005
  0.40659300000000004       -2.6452273161412787E-005
  0.40759200000000007       -2.2402516095700210E-005
  0.40859100000000004       -1.8337757173627753E-005
  0.40959000000000007       -1.4258118956737789E-005
  0.41058900000000004       -1.0163724589514102E-005
  0.41158800000000006       -6.0546978019008380E-006
  0.41258700000000004       -1.9311629120224650E-006
  0.41358600000000006        2.2067551713214849E-006
  0.41458500000000004        6.3589309459242605E-006
  0.41558400000000006        1.0525238313535923E-005
  0.41658300000000004        1.4705550577244858E-005
  0.41758200000000006        1.8899740438737822E-005
  0.41858100000000004        2.3107679995665391E-005
  0.41958000000000006        2.7329240738876745E-005
  0.42057900000000004        3.1564293549759937E-005
  0.42157800000000006        3.5812708697505298E-005
  0.42257700000000004        4.0074355836297286E-005
  0.42357600000000006        4.4349104002673402E-005
  0.42457500000000004        4.8636821612672320E-005
  0.42557400000000006        5.2937376459078949E-005
  0.42657300000000004        5.7250635708665968E-005
  0.42757200000000006        6.1576465899335978E-005
  0.42857100000000004        6.5914732937405530E-005
  0.42957000000000006        7.0265302094675588E-005
  0.43056900000000004        7.4628038005690383E-005
  0.43156800000000006        7.9002804664815248E-005
  0.43256700000000003        8.3389465423469808E-005
  0.43356600000000006        8.7787882987204816E-005
  0.43456500000000003        9.2197919412846771E-005
  0.43556400000000006        9.6619436105622688E-005
  0.43656300000000003        1.0105229381625887E-004
  0.43756200000000006        1.0549635263809054E-004
  0.43856100000000003        1.0995147200415793E-004
  0.43956000000000006        1.1441751068427980E-004
  0.44055900000000003        1.1889432678210668E-004
  0.44155800000000006        1.2338177773222009E-004
  0.44255700000000003        1.2787972029718641E-004
  0.44355600000000006        1.3238801056458097E-004
  0.44455500000000003        1.3690650394406679E-004
  0.44555400000000006        1.4143505516436719E-004
  0.44655300000000003        1.4597351827038758E-004
  0.44755200000000006        1.5052174662013196E-004
  0.44855100000000003        1.5507959288180335E-004
  0.44955000000000006        1.5964690903076068E-004
  0.45054900000000003        1.6422354634652289E-004
  0.45154800000000006        1.6880935540978948E-004
  0.45254700000000003        1.7340418609942509E-004
  0.45354600000000006        1.7800788758940233E-004
  0.45454500000000003        1.8262030834584455E-004
  0.45554400000000006        1.8724129612396768E-004
  0.45654300000000003        1.9187069796503016E-004
  0.45754200000000006        1.9650836019334024E-004
  0.45854100000000003        2.0115412841321332E-004
  0.45954000000000006        2.0580784750587271E-004
  0.46053900000000003        2.1046936162648968E-004
  0.46153800000000006        2.1513851420107159E-004
  0.46253700000000003        2.1981514792344007E-004
  0.46353600000000006        2.2449910475218535E-004
  0.46453500000000003        2.2919022590757920E-004
  0.46553400000000006        2.3388835186854794E-004
  0.46653300000000003        2.3859332236960429E-004
  0.46753200000000006        2.4330497639778412E-004
  0.46853100000000003        2.4802315218960217E-004
  0.46953000000000006        2.5274768722797098E-004
  0.47052900000000003        2.5747841823915718E-004
  0.47152800000000006        2.6221518118972435E-004
  0.47252700000000003        2.6695781128346105E-004
  0.47352600000000006        2.7170614295833579E-004
  0.47452500000000003        2.7646000988343025E-004
  0.47552400000000006        2.8121924495590618E-004
  0.47652300000000003        2.8598368029793324E-004
  0.47752200000000006        2.9075314725365094E-004
  0.47852100000000003        2.9552747638612631E-004
  0.47952000000000006        3.0030649747431139E-004
  0.48051900000000003        3.0509003951001380E-004
  0.48151800000000006        3.0987793069483643E-004
  0.48251700000000003        3.1466999843719626E-004
  0.48351600000000006        3.1946606934925233E-004
  0.48451500000000003        3.2426596924394971E-004
  0.48551400000000006        3.2906952313195613E-004
  0.48651300000000003        3.3387655521869430E-004
  0.48751200000000006        3.3868688890134076E-004
  0.48851100000000003        3.4350034676583339E-004
  0.48951000000000006        3.4831675058391326E-004
  0.49050900000000003        3.5313592131012116E-004
  0.49150800000000006        3.5795767907888964E-004
  0.49250700000000003        3.6278184320154793E-004
  0.49350600000000006        3.6760823216342619E-004
  0.49450500000000003        3.7243666362090510E-004
  0.49550400000000006        3.7726695439849710E-004
  0.49650300000000003        3.8209892048597801E-004
  0.49750200000000006        3.8693237703548946E-004
  0.49850100000000003        3.9176713835865467E-004
  0.49950000000000006        3.9660301792369940E-004
  0.50049900000000003        4.0143982835266539E-004
  0.50149800000000000        4.0627738141854901E-004
  0.50249700000000008        4.1111548804249605E-004
  0.50349600000000005        4.1595395829102210E-004
  0.50449500000000003        4.2079260137319361E-004
  0.50549400000000000        4.2563122563794132E-004
  0.50649300000000008        4.3046963857128217E-004
  0.50749200000000005        4.3530764679359200E-004
  0.50849100000000003        4.4014505605695169E-004
  0.50949000000000000        4.4498167124245279E-004
  0.51048900000000008        4.4981729635751620E-004
  0.51148800000000005        4.5465173453335209E-004
  0.51248700000000003        4.5948478802225050E-004
  0.51348600000000011        4.6431625819511518E-004
  0.51448500000000008        4.6914594553879957E-004
  0.51548400000000005        4.7397364965367123E-004
  0.51648300000000003        4.7879916925109027E-004
  0.51748200000000011        4.8362230215092642E-004
  0.51848100000000008        4.8844284527914308E-004
  0.51948000000000005        4.9326059466536256E-004
  0.52047900000000002        4.9807534544054222E-004
  0.52147800000000011        5.0288689183457854E-004
  0.52247700000000008        5.0769502717402275E-004
  0.52347600000000005        5.1249954387981220E-004
  0.52447500000000002        5.1730023346503110E-004
  0.52547400000000011        5.2209688653271540E-004
  0.52647300000000008        5.2688929277364951E-004
  0.52747200000000005        5.3167724096430248E-004
  0.52847100000000002        5.3646051896472254E-004
  0.52947000000000011        5.4123891371646662E-004
  0.53046900000000008        5.4601221124061248E-004
  0.53146800000000005        5.5078019663586044E-004
  0.53246700000000002        5.5554265407655747E-004
  0.53346600000000011        5.6029936681082954E-004
  0.53446500000000008        5.6505011715880956E-004
  0.53546400000000005        5.6979468651084024E-004
  0.53646300000000002        5.7453285532578697E-004
  0.53746200000000011        5.7926440312930122E-004
  0.53846100000000008        5.8398910851230887E-004
  0.53946000000000005        5.8870674912936676E-004
  0.54045900000000002        5.9341710169718296E-004
  0.54145800000000011        5.9811994199319909E-004
  0.54245700000000008        6.0281504485418648E-004
  0.54345600000000005        6.0750218417488216E-004
  0.54445500000000002        6.1218113290678307E-004
  0.54545400000000011        6.1685166305690958E-004
  0.54645300000000008        6.2151354568666737E-004
  0.54745200000000005        6.2616655091080411E-004
  0.54845100000000002        6.3081044789638208E-004
  0.54945000000000010        6.3544500486182015E-004
  0.55044900000000008        6.4006998907610341E-004
  0.55144800000000005        6.4468516685794032E-004
  0.55244700000000002        6.4929030357505134E-004
  0.55344600000000010        6.5388516364357611E-004
  0.55444500000000008        6.5846951052747659E-004
  0.55544400000000005        6.6304310673804818E-004
  0.55644300000000002        6.6760571383358972E-004
  0.55744200000000010        6.7215709241902832E-004
  0.55844100000000008        6.7669700214571457E-004
  0.55944000000000005        6.8122520171134851E-004
  0.56043900000000002        6.8574144885981641E-004
  0.56143800000000010        6.9024550038136289E-004
  0.56243700000000008        6.9473711211265918E-004
  0.56343600000000005        6.9921603893706181E-004
  0.56443500000000002        7.0368203478498583E-004
  0.56543400000000010        7.0813485263427538E-004
  0.56643300000000008        7.1257424451084690E-004
  0.56743200000000005        7.1699996148925796E-004
  0.56843100000000002        7.2141175369350955E-004
  0.56943000000000010        7.2580937029791571E-004
  0.57042900000000007        7.3019255952805502E-004
  0.57142800000000005        7.3456106866194462E-004
  0.57242700000000002        7.3891464403116143E-004
  0.57342600000000010        7.4325303102230737E-004
  0.57442500000000007        7.4757597407834955E-004
  0.57542400000000005        7.5188321670027845E-004
  0.57642300000000002        7.5617450144883360E-004
  0.57742200000000010        7.6044956994635179E-004
  0.57842100000000007        7.6470816287872549E-004
  0.57942000000000005        7.6895001999755777E-004
  0.58041900000000002        7.7317488012242747E-004
  0.58141800000000010        7.7738248114329433E-004
  0.58241700000000007        7.8157256002307383E-004
  0.58341600000000005        7.8574485280030141E-004
  0.58441500000000002        7.8989909459204139E-004
  0.58541400000000010        7.9403501959689183E-004
  0.58641300000000007        7.9815236109815062E-004
  0.58741200000000005        8.0225085146716718E-004
  0.58841100000000002        8.0633022216685757E-004
  0.58941000000000010        8.1039020375534400E-004
  0.59040900000000007        8.1443052588985499E-004
  0.59140800000000004        8.1845091733072470E-004
  0.59240700000000002        8.2245110594561359E-004
  0.59340600000000010        8.2643081871388723E-004
  0.59440500000000007        8.3038978173122994E-004
  0.59540400000000004        8.3432772021437549E-004
  0.59640300000000002        8.3824435850609388E-004
  0.59740200000000010        8.4213942008038410E-004
  0.59840100000000007        8.4601262754782625E-004
  0.59940000000000004        8.4986370266114874E-004
  0.60039900000000002        8.5369236632104855E-004
  0.60139800000000010        8.5749833858219662E-004
  0.60239700000000007        8.6128133865947360E-004
  0.60339600000000004        8.6504108493438764E-004
  0.60439500000000002        8.6877729496183593E-004
  0.60539400000000010        8.7248968547693601E-004
  0.60639300000000007        8.7617797240226690E-004
  0.60739200000000004        8.7984187085523419E-004
  0.60839100000000002        8.8348109515570556E-004
  0.60939000000000010        8.8709535883395242E-004
  0.61038900000000007        8.9068437463881421E-004
  0.61138800000000004        8.9424785454604691E-004
  0.61238700000000001        8.9778550976717683E-004
  0.61338600000000010        9.0129705075829266E-004
  0.61438500000000007        9.0478218722942242E-004
  0.61538400000000004        9.0824062815400173E-004
  0.61638300000000001        9.1167208177872429E-004
  0.61738200000000010        9.1507625563363461E-004
  0.61838100000000007        9.1845285654259103E-004
  0.61938000000000004        9.2180159063391708E-004
  0.62037900000000001        9.2512216335155191E-004
  0.62137800000000010        9.2841427946628379E-004
  0.62237700000000007        9.3167764308750838E-004
  0.62337600000000004        9.3491195767524864E-004
  0.62437500000000001        9.3811692605243863E-004
  0.62537400000000010        9.4129225041767535E-004
  0.62637300000000007        9.4443763235824900E-004
  0.62737200000000004        9.4755277286352681E-004
  0.62837100000000001        9.5063737233870452E-004
  0.62937000000000010        9.5369113061898796E-004
  0.63036900000000007        9.5671374698405197E-004
  0.63136800000000004        9.5970492017295489E-004
  0.63236700000000001        9.6266434839939268E-004
  0.63336600000000010        9.6559172936743496E-004
  0.63436500000000007        9.6848676028753905E-004
  0.63536400000000004        9.7134913789311526E-004
  0.63636300000000001        9.7417855845738030E-004
  0.63736200000000010        9.7697471781075401E-004
  0.63836100000000007        9.7973731135861690E-004
  0.63936000000000004        9.8246603409951573E-004
  0.64035900000000012        9.8516058064388942E-004
  0.64135800000000009        9.8782064523314029E-004
  0.64235700000000007        9.9044592175927823E-004
  0.64335600000000004        9.9303610378499675E-004
  0.64435500000000012        9.9559088456420853E-004
  0.64535400000000009        9.9810995706313887E-004
  0.64635300000000007        1.0005930139818315E-003
  0.64735200000000004        1.0030397477762685E-003
  0.64835100000000012        1.0054498506809359E-003
  0.64935000000000009        1.0078230147319315E-003
  0.65034900000000007        1.0101589317906340E-003
  0.65134800000000004        1.0124572935678953E-003
  0.65234700000000012        1.0147177916488268E-003
  0.65334600000000009        1.0169401175180760E-003
  0.65434500000000007        1.0191239625857822E-003
  0.65534400000000004        1.0212690182140362E-003
  0.65634300000000012        1.0233749757439731E-003
  0.65734200000000009        1.0254415265234750E-003
  0.65834100000000007        1.0274683619354698E-003
  0.65934000000000004        1.0294551734268875E-003
  0.66033900000000012        1.0314016525382248E-003
  0.66133800000000009        1.0333074909337685E-003
  0.66233700000000006        1.0351723804324974E-003
  0.66333600000000004        1.0369960130396474E-003
  0.66433500000000012        1.0387780809789254E-003
  0.66533400000000009        1.0405182767254883E-003
  0.66633300000000006        1.0422162930395465E-003
  0.66733200000000004        1.0438718230007388E-003
  0.66833100000000012        1.0454845600432435E-003
  0.66933000000000009        1.0470541979915730E-003
  0.67032900000000006        1.0485804310971919E-003
  0.67132800000000004        1.0500629540758509E-003
  0.67232700000000012        1.0515014621457217E-003
  0.67332600000000009        1.0528956510663129E-003
  0.67432500000000006        1.0542452171782113E-003
  0.67532400000000004        1.0555498574436018E-003
  0.67632300000000012        1.0568092694876554E-003
  0.67732200000000009        1.0580231516407459E-003
  0.67832100000000006        1.0591912029815072E-003
  0.67932000000000003        1.0603131233807852E-003
  0.68031900000000012        1.0613886135464772E-003
  0.68131800000000009        1.0624173750692263E-003
  0.68231700000000006        1.0633991104690742E-003
  0.68331600000000003        1.0643335232430303E-003
  0.68431500000000012        1.0652203179135672E-003
  0.68531400000000009        1.0660592000780731E-003
  0.68631300000000006        1.0668498764592725E-003
  0.68731200000000003        1.0675920549566547E-003
  0.68831100000000012        1.0682854446988743E-003
  0.68931000000000009        1.0689297560971729E-003
  0.69030900000000006        1.0695247008998259E-003
  0.69130800000000003        1.0700699922476596E-003
  0.69230700000000012        1.0705653447305860E-003
  0.69330600000000009        1.0710104744452488E-003
  0.69430500000000006        1.0714050990537464E-003
  0.69530400000000003        1.0717489378434561E-003
  0.69630300000000012        1.0720417117880035E-003
  0.69730200000000009        1.0722831436093306E-003
  0.69830100000000006        1.0724729578409818E-003
  0.69930000000000003        1.0726108808924849E-003
  0.70029900000000012        1.0726966411150020E-003
  0.70129800000000009        1.0727299688681005E-003
  0.70229700000000006        1.0727105965878312E-003
  0.70329600000000003        1.0726382588559565E-003
  0.70429500000000012        1.0725126924705311E-003
  0.70529400000000009        1.0723336365176580E-003
  0.70629300000000006        1.0721008324446047E-003
  0.70729200000000003        1.0718140241341891E-003
  0.70829100000000011        1.0714729579804935E-003
  0.70929000000000009        1.0710773829659390E-003
  0.71028900000000006        1.0706270507397008E-003
  0.71128800000000003        1.0701217156974785E-003
  0.71228700000000011        1.0695611350627070E-003
  0.71328600000000009        1.0689450689691366E-003
  0.71428500000000006        1.0682732805448569E-003
  0.71528400000000003        1.0675455359977542E-003
  0.71628300000000011        1.0667616047024618E-003
  0.71728200000000009        1.0659212592887364E-003
  0.71828100000000006        1.0650242757313795E-003
  0.71928000000000003        1.0640704334416479E-003
  0.72027900000000011        1.0630595153602027E-003
  0.72127800000000009        1.0619913080516009E-003
  0.72227700000000006        1.0608656018003574E-003
  0.72327600000000003        1.0596821907085992E-003
  0.72427500000000011        1.0584408727952782E-003
  0.72527400000000009        1.0571414500970763E-003
  0.72627300000000006        1.0557837287708423E-003
  0.72727200000000003        1.0543675191977708E-003
  0.72827100000000011        1.0528926360891964E-003
  0.72927000000000008        1.0513588985940684E-003
  0.73026900000000006        1.0497661304081658E-003
  0.73126800000000003        1.0481141598849661E-003
  0.73226700000000011        1.0464028201482595E-003
  0.73326600000000008        1.0446319492065804E-003
  0.73426500000000006        1.0428013900692661E-003
  0.73526400000000003        1.0409109908644106E-003
  0.73626300000000011        1.0389606049585132E-003
  0.73726200000000008        1.0369500910780100E-003
  0.73826100000000006        1.0348793134325261E-003
  0.73926000000000003        1.0327481418400833E-003
  0.74025900000000011        1.0305564518539800E-003
  0.74125800000000008        1.0283041248917016E-003
  0.74225700000000006        1.0259910483655533E-003
  0.74325600000000003        1.0236171158152399E-003
  0.74425500000000011        1.0211822270423038E-003
  0.74525400000000008        1.0186862882465015E-003
  0.74625300000000006        1.0161292121639996E-003
  0.74725200000000003        1.0135109182075502E-003
  0.74825100000000011        1.0108313326085752E-003
  0.74925000000000008        1.0080903885611656E-003
  0.75024900000000005        1.0052880263679955E-003
  0.75124800000000003        1.0024241935882216E-003
  0.75224700000000011        9.9949884518727274E-004
  0.75324600000000008        9.9651194368861190E-004
  0.75424500000000005        9.9346345932743241E-004
  0.75524400000000003        9.9035337020632135E-004
  0.75624300000000011        9.8718166245284427E-004
  0.75724200000000008        9.8394833037908358E-004
  0.75824100000000005        9.8065337664314739E-004
  0.75924000000000003        9.7729681241254989E-004
  0.76023900000000011        9.7387865752962489E-004
  0.76123800000000008        9.7039894067876798E-004
  0.76223700000000005        9.6685769955566579E-004
  0.76323600000000003        9.6325498103839893E-004
  0.76423500000000011        9.5959084136046867E-004
  0.76523400000000008        9.5586534628568510E-004
  0.76623300000000005        9.5207857128493426E-004
  0.76723200000000014        9.4823060171480178E-004
  0.76823100000000011        9.4432153299803126E-004
  0.76923000000000008        9.4035147080578506E-004
  0.77022900000000005        9.3632053124171743E-004
  0.77122800000000014        9.3222884102777705E-004
  0.77222700000000011        9.2807653769178336E-004
  0.77322600000000008        9.2386376975669591E-004
  0.77422500000000005        9.1959069693154825E-004
  0.77522400000000014        9.1525749030403050E-004
  0.77622300000000011        9.1086433253469406E-004
  0.77722200000000008        9.0641141805266918E-004
  0.77822100000000005        9.0189895325294407E-004
  0.77922000000000013        8.9732715669510672E-004
  0.78021900000000011        8.9269625930347930E-004
  0.78121800000000008        8.8800650456865324E-004
  0.78221700000000005        8.8325814875031593E-004
  0.78321600000000013        8.7845146108133938E-004
  0.78421500000000011        8.7358672397304436E-004
  0.78521400000000008        8.6866423322159178E-004
  0.78621300000000005        8.6368429821540135E-004
  0.78721200000000013        8.5864724214357573E-004
  0.78821100000000011        8.5355340220518924E-004
  0.78921000000000008        8.4840312981937374E-004
  0.79020900000000005        8.4319679083614749E-004
  0.79120800000000013        8.3793476574784982E-004
  0.79220700000000011        8.3261744990109350E-004
  0.79320600000000008        8.2724525370915004E-004
  0.79420500000000005        8.2181860286462995E-004
  0.79520400000000013        8.1633793855236797E-004
  0.79620300000000011        8.1080371766237215E-004
  0.79720200000000008        8.0521641300272543E-004
  0.79820100000000005        7.9957651351229907E-004
  0.79920000000000013        7.9388452447313779E-004
  0.80019900000000010        7.8814096772238649E-004
  0.80119800000000008        7.8234638186357793E-004
  0.80219700000000005        7.7650132247715021E-004
  0.80319600000000013        7.7060636233001849E-004
  0.80419500000000010        7.6466209158401418E-004
  0.80519400000000008        7.5866911800304159E-004
  0.80619300000000005        7.5262806715872615E-004
  0.80719200000000013        7.4653958263439174E-004
  0.80819100000000010        7.4040432622713315E-004
  0.80919000000000008        7.3422297814778248E-004
  0.81018900000000005        7.2799623721857482E-004
  0.81118800000000013        7.2172482106821513E-004
  0.81218700000000010        7.1540946632417390E-004
  0.81318600000000008        7.0905092880193469E-004
  0.81418500000000005        7.0264998369089476E-004
  0.81518400000000013        6.9620742573674155E-004
  0.81618300000000010        6.8972406941992853E-004
  0.81718200000000007        6.8320074913000349E-004
  0.81818100000000005        6.7663831933550858E-004
  0.81918000000000013        6.7003765474907024E-004
  0.82017900000000010        6.6339965048744023E-004
  0.82117800000000007        6.5672522222607016E-004
  0.82217700000000005        6.5001530634793702E-004
  0.82317600000000013        6.4327086008620206E-004
  0.82417500000000010        6.3649286166037359E-004
  0.82517400000000007        6.2968231040554860E-004
  0.82617300000000005        6.2284022689436955E-004
  0.82717200000000013        6.1596765305124983E-004
  0.82817100000000010        6.0906565225845254E-004
  0.82917000000000007        6.0213530945357589E-004
  0.83016900000000005        5.9517773121799870E-004
  0.83116800000000013        5.8819404585578857E-004
  0.83216700000000010        5.8118540346261804E-004
  0.83316600000000007        5.7415297598413723E-004
  0.83416500000000005        5.6709795726334468E-004
  0.83516400000000013        5.6002156307635362E-004
  0.83616300000000010        5.5292503115606136E-004
  0.83716200000000007        5.4580962120309175E-004
  0.83816100000000004        5.3867661488348287E-004
  0.83916000000000013        5.3152731581246533E-004
  0.84015900000000010        5.2436304952374125E-004
  0.84115800000000007        5.1718516342359451E-004
  0.84215700000000004        5.0999502672919791E-004
  0.84315600000000013        5.0279403039042941E-004
  0.84415500000000010        4.9558358699448044E-004
  0.84515400000000007        4.8836513065257528E-004
  0.84615300000000004        4.8114011686802141E-004
  0.84715200000000013        4.7391002238488265E-004
  0.84815100000000010        4.6667634501644121E-004
  0.84915000000000007        4.5944060345270180E-004
  0.85014900000000004        4.5220433704608863E-004
  0.85114800000000013        4.4496910557450040E-004
  0.85214700000000010        4.3773648898088024E-004
  0.85314600000000007        4.3050808708838215E-004
  0.85414500000000004        4.2328551929027449E-004
  0.85514400000000013        4.1607042421362462E-004
  0.85614300000000010        4.0886445935582778E-004
  0.85714200000000007        4.0166930069301509E-004
  0.85814100000000004        3.9448664225934016E-004
  0.85914000000000013        3.8731819569615220E-004
  0.86013900000000010        3.8016568977000464E-004
  0.86113800000000007        3.7303086985845143E-004
  0.86213700000000004        3.6591549740254501E-004
  0.86313600000000013        3.5882134932497351E-004
  0.86413500000000010        3.5175021741266465E-004
  0.86513400000000007        3.4470390766276024E-004
  0.86613300000000004        3.3768423959079554E-004
  0.86713200000000012        3.3069304549987813E-004
  0.86813100000000010        3.2373216970971701E-004
  0.86913000000000007        3.1680346774422285E-004
  0.87012900000000004        3.0990880547651206E-004
  0.87112800000000012        3.0305005823001323E-004
  0.87212700000000010        2.9622910983444055E-004
  0.87312600000000007        2.8944785163533031E-004
  0.87412500000000004        2.8270818145587778E-004
  0.87512400000000012        2.7601200250973267E-004
  0.87612300000000010        2.6936122226347837E-004
  0.87712200000000007        2.6275775124743770E-004
  0.87812100000000004        2.5620350181350615E-004
  0.87912000000000012        2.4970038683866863E-004
  0.88011900000000010        2.4325031837288137E-004
  0.88111800000000007        2.3685520622998462E-004
  0.88211700000000004        2.3051695652033551E-004
  0.88311600000000012        2.2423747012386596E-004
  0.88411500000000010        2.1801864110226280E-004
  0.88511400000000007        2.1186235504900850E-004
  0.88611300000000004        2.0577048737606193E-004
  0.88711200000000012        1.9974490153595265E-004
  0.88811100000000009        1.9378744717815646E-004
  0.88911000000000007        1.8789995823861530E-004
  0.89010900000000004        1.8208425096137901E-004
  0.89110800000000012        1.7634212185138048E-004
  0.89210700000000009        1.7067534555744736E-004
  0.89310600000000007        1.6508567268475510E-004
  0.89410500000000004        1.5957482753603205E-004
  0.89510400000000012        1.5414450578094891E-004
  0.89610300000000009        1.4879637205327415E-004
  0.89710200000000007        1.4353205747553459E-004
  0.89810100000000015        1.3835315711110719E-004
  0.89910000000000012        1.3326122734388110E-004
  0.90009900000000009        1.2825778318584872E-004
  0.90109800000000007        1.2334429551326539E-004
  0.90209700000000015        1.1852218823230426E-004
  0.90309600000000012        1.1379283537546043E-004
  0.90409500000000009        1.0915755813032855E-004
  0.90509400000000007        1.0461762180279654E-004
  0.90609300000000015        1.0017423271714233E-004
  0.90709200000000012        9.5828535056030872E-005
  0.90809100000000009        9.1581607643967752E-005
  0.90909000000000006        8.7434460678385552E-005
  0.91008900000000015        8.3388032413216014E-005
  0.91108800000000012        7.9443185800552900E-005
  0.91208700000000009        7.5600705096823547E-005
  0.91308600000000006        7.1861292440802120E-005
  0.91408500000000015        6.8225564411758654E-005
  0.91508400000000012        6.4694048577126358E-005
  0.91608300000000009        6.1267180040208675E-005
  0.91708200000000006        5.7945297999731867E-005
  0.91808100000000015        5.4728642334380769E-005
  0.91908000000000012        5.1617350226936215E-005
  0.92007900000000009        4.8611452844182663E-005
  0.92107800000000006        4.5710872090447147E-005
  0.92207700000000015        4.2915417454393195E-005
  0.92307600000000012        4.0224782970591485E-005
  0.92407500000000009        3.7638544319362506E-005
  0.92507400000000006        3.5156156090475757E-005
  0.92607300000000015        3.2776949238440204E-005
  0.92707200000000012        3.0500128759356539E-005
  0.92807100000000009        2.8324771621575238E-005
  0.92907000000000006        2.6249824984718224E-005
  0.93006900000000015        2.4274104743918608E-005
  0.93106800000000012        2.2396294438403235E-005
  0.93206700000000009        2.0614944565719809E-005
  0.93306600000000006        1.8928472344968747E-005
  0.93406500000000015        1.7335161974241503E-005
  0.93506400000000012        1.5833165429061450E-005
  0.93606300000000009        1.4420503849850526E-005
  0.93706200000000006        1.3095069567241640E-005
  0.93806100000000014        1.1854628814285308E-005
  0.93906000000000012        1.0696825174168016E-005
  0.94005900000000009        9.6191838108104772E-006
  0.94105800000000006        8.6191165275246968E-006
  0.94205700000000014        7.6939276955986045E-006
  0.94305600000000012        6.8408210900994881E-006
  0.94405500000000009        6.0569076641556519E-006
  0.94505400000000006        5.3392142853224228E-006
  0.94605300000000014        4.6846934481800811E-006
  0.94705200000000012        4.0902339658928486E-006
  0.94805100000000009        3.5526726299258316E-006
  0.94905000000000006        3.0688068113611270E-006
  0.95004900000000014        2.6354079591957294E-006
  0.95104800000000012        2.2492359306375542E-006
  0.95204700000000009        1.9070540658032173E-006
  0.95304600000000006        1.6056448945363084E-006
  0.95404500000000014        1.3418263365984489E-006
  0.95504400000000012        1.1124682286898349E-006
  0.95604300000000009        9.1450898325529930E-007
  0.95704200000000006        7.4497215566296143E-007
  0.95804100000000014        6.0098266916255131E-007
  0.95904000000000011        4.7978242234905055E-007
  0.96003900000000009        3.7874498322437923E-007
  0.96103800000000006        2.9538905915712617E-007
  0.96203700000000014        2.2739042507395210E-007
  0.96303600000000011        1.7259199519872232E-007
  0.96403500000000009        1.2901173873049436E-007
  0.96503400000000006        9.4848169036964340E-008
  0.96603300000000014        6.8483180915998565E-008
  0.96703200000000011        4.8482072330323182E-008
  0.96803100000000009        3.3590665927564739E-008
  0.96903000000000006        2.2729540550988978E-008
  0.97002900000000014        1.4985491163976284E-008
  0.97102800000000011        9.6004526062335672E-009
  0.97202700000000009        5.9582417627858602E-009
  0.97302600000000006        3.5695854261426372E-009
  0.97402500000000014        2.0559970681905684E-009
  0.97502400000000011        1.1331337191190372E-009
  0.97602300000000008        5.9429335028695056E-010
  0.97702200000000006        2.9469484985146859E-010
  0.97802100000000014        1.3711229665072126E-010
  0.97902000000000011        5.9314429311027747E-011
  0.98001900000000008        2.3598365742969818E-011
  0.98101800000000006        8.5211907617469817E-012
  0.98201700000000014        2.7478874158028664E-012
  0.98301600000000011        7.7572988921086225E-013
  0.98401500000000008        1.8698252236775288E-013
  0.98501400000000006        3.7286144001604800E-014
  0.98601300000000014        5.9061764336051779E-015
  0.98701200000000011        7.0470283080073363E-016
  0.98801100000000008        5.9004410373290328E-017
  0.98901000000000006        3.1477114030582057E-018
  0.99000900000000014        9.3457326902326511E-020
  0.99100800000000011        1.2703378157506246E-021
  0.99200700000000008        5.8977579215115672E-024
  0.99300600000000006        5.9020242630718479E-027
  0.99400500000000014        5.9114100197961008E-031
  0.99500400000000011        1.4897179781730693E-036
  0.99600300000000008        5.9715026030669039E-045
  0.99700200000000005        6.0692044706081721E-059
  0.99800100000000014        6.3760748778000377E-087
  0.99900000000000011        8.4223382537204150E-171
