   9.9900000000000010E-004   0.0000000000000000     
   1.9980000000000002E-003   0.0000000000000000     
   2.9970000000000005E-003   0.0000000000000000     
   3.9960000000000004E-003   0.0000000000000000     
   4.9950000000000003E-003   0.0000000000000000     
   5.9940000000000011E-003   0.0000000000000000     
   6.9930000000000010E-003   0.0000000000000000     
   7.9920000000000008E-003   0.0000000000000000     
   8.9910000000000007E-003   0.0000000000000000     
   9.9900000000000006E-003   0.0000000000000000     
   1.0989000000000001E-002   0.0000000000000000     
   1.1988000000000002E-002   0.0000000000000000     
   1.2987000000000002E-002   0.0000000000000000     
   1.3986000000000002E-002   0.0000000000000000     
   1.4985000000000002E-002   0.0000000000000000     
   1.5984000000000002E-002   0.0000000000000000     
   1.6983000000000002E-002   0.0000000000000000     
   1.7982000000000001E-002   0.0000000000000000     
   1.8981000000000001E-002   0.0000000000000000     
   1.9980000000000001E-002   0.0000000000000000     
   2.0979000000000001E-002   0.0000000000000000     
   2.1978000000000001E-002   0.0000000000000000     
   2.2977000000000001E-002   0.0000000000000000     
   2.3976000000000004E-002   0.0000000000000000     
   2.4975000000000004E-002   0.0000000000000000     
   2.5974000000000004E-002   0.0000000000000000     
   2.6973000000000004E-002   0.0000000000000000     
   2.7972000000000004E-002   0.0000000000000000     
   2.8971000000000004E-002   0.0000000000000000     
   2.9970000000000004E-002   0.0000000000000000     
   3.0969000000000003E-002   0.0000000000000000     
   3.1968000000000003E-002   0.0000000000000000     
   3.2967000000000003E-002   0.0000000000000000     
   3.3966000000000003E-002   0.0000000000000000     
   3.4965000000000003E-002   0.0000000000000000     
   3.5964000000000003E-002   0.0000000000000000     
   3.6963000000000003E-002   0.0000000000000000     
   3.7962000000000003E-002   0.0000000000000000     
   3.8961000000000003E-002   0.0000000000000000     
   3.9960000000000002E-002   0.0000000000000000     
   4.0959000000000002E-002   0.0000000000000000     
   4.1958000000000002E-002   0.0000000000000000     
   4.2957000000000002E-002   0.0000000000000000     
   4.3956000000000002E-002   0.0000000000000000     
   4.4955000000000002E-002   0.0000000000000000     
   4.5954000000000002E-002   0.0000000000000000     
   4.6953000000000002E-002   0.0000000000000000     
   4.7952000000000009E-002   0.0000000000000000     
   4.8951000000000008E-002   0.0000000000000000     
   4.9950000000000008E-002   0.0000000000000000     
   5.0949000000000008E-002   0.0000000000000000     
   5.1948000000000008E-002   0.0000000000000000     
   5.2947000000000008E-002   0.0000000000000000     
   5.3946000000000008E-002   0.0000000000000000     
   5.4945000000000008E-002   0.0000000000000000     
   5.5944000000000008E-002   0.0000000000000000     
   5.6943000000000007E-002   0.0000000000000000     
   5.7942000000000007E-002   0.0000000000000000     
   5.8941000000000007E-002   0.0000000000000000     
   5.9940000000000007E-002   0.0000000000000000     
   6.0939000000000007E-002   0.0000000000000000     
   6.1938000000000007E-002   0.0000000000000000     
   6.2937000000000007E-002   0.0000000000000000     
   6.3936000000000007E-002   0.0000000000000000     
   6.4935000000000007E-002   0.0000000000000000     
   6.5934000000000006E-002   0.0000000000000000     
   6.6933000000000006E-002   0.0000000000000000     
   6.7932000000000006E-002   0.0000000000000000     
   6.8931000000000006E-002   0.0000000000000000     
   6.9930000000000006E-002   0.0000000000000000     
   7.0929000000000006E-002   0.0000000000000000     
   7.1928000000000006E-002   0.0000000000000000     
   7.2927000000000006E-002   0.0000000000000000     
   7.3926000000000006E-002   0.0000000000000000     
   7.4925000000000005E-002   0.0000000000000000     
   7.5924000000000005E-002   0.0000000000000000     
   7.6923000000000005E-002   0.0000000000000000     
   7.7922000000000005E-002   0.0000000000000000     
   7.8921000000000005E-002   0.0000000000000000     
   7.9920000000000005E-002   0.0000000000000000     
   8.0919000000000005E-002   0.0000000000000000     
   8.1918000000000005E-002   0.0000000000000000     
   8.2917000000000005E-002   0.0000000000000000     
   8.3916000000000004E-002   0.0000000000000000     
   8.4915000000000004E-002   0.0000000000000000     
   8.5914000000000004E-002   0.0000000000000000     
   8.6913000000000004E-002   0.0000000000000000     
   8.7912000000000004E-002   0.0000000000000000     
   8.8911000000000004E-002   0.0000000000000000     
   8.9910000000000004E-002   0.0000000000000000     
   9.0909000000000004E-002   0.0000000000000000     
   9.1908000000000004E-002   0.0000000000000000     
   9.2907000000000003E-002   0.0000000000000000     
   9.3906000000000003E-002   0.0000000000000000     
   9.4905000000000003E-002   0.0000000000000000     
   9.5904000000000017E-002   0.0000000000000000     
   9.6903000000000017E-002   0.0000000000000000     
   9.7902000000000017E-002   0.0000000000000000     
   9.8901000000000017E-002   0.0000000000000000     
   9.9900000000000017E-002   0.0000000000000000     
  0.10089900000000002        0.0000000000000000     
  0.10189800000000002        0.0000000000000000     
  0.10289700000000002        0.0000000000000000     
  0.10389600000000002        0.0000000000000000     
  0.10489500000000002        0.0000000000000000     
  0.10589400000000002        0.0000000000000000     
  0.10689300000000002        0.0000000000000000     
  0.10789200000000002        0.0000000000000000     
  0.10889100000000002        0.0000000000000000     
  0.10989000000000002        0.0000000000000000     
  0.11088900000000002        0.0000000000000000     
  0.11188800000000002        0.0000000000000000     
  0.11288700000000002        0.0000000000000000     
  0.11388600000000001        0.0000000000000000     
  0.11488500000000001        0.0000000000000000     
  0.11588400000000001        0.0000000000000000     
  0.11688300000000001        0.0000000000000000     
  0.11788200000000001        0.0000000000000000     
  0.11888100000000001        0.0000000000000000     
  0.11988000000000001        0.0000000000000000     
  0.12087900000000001        0.0000000000000000     
  0.12187800000000001        0.0000000000000000     
  0.12287700000000001        0.0000000000000000     
  0.12387600000000001        0.0000000000000000     
  0.12487500000000001        0.0000000000000000     
  0.12587400000000001        0.0000000000000000     
  0.12687300000000001        0.0000000000000000     
  0.12787200000000001        0.0000000000000000     
  0.12887100000000001        0.0000000000000000     
  0.12987000000000001        0.0000000000000000     
  0.13086900000000001        0.0000000000000000     
  0.13186800000000001        0.0000000000000000     
  0.13286700000000001        0.0000000000000000     
  0.13386600000000001        0.0000000000000000     
  0.13486500000000001        0.0000000000000000     
  0.13586400000000001        0.0000000000000000     
  0.13686300000000001        0.0000000000000000     
  0.13786200000000001        0.0000000000000000     
  0.13886100000000001        0.0000000000000000     
  0.13986000000000001        0.0000000000000000     
  0.14085900000000001        0.0000000000000000     
  0.14185800000000001        0.0000000000000000     
  0.14285700000000001        0.0000000000000000     
  0.14385600000000001        0.0000000000000000     
  0.14485500000000001        0.0000000000000000     
  0.14585400000000001        0.0000000000000000     
  0.14685300000000001        0.0000000000000000     
  0.14785200000000001        0.0000000000000000     
  0.14885100000000001        0.0000000000000000     
  0.14985000000000001        0.0000000000000000     
  0.15084900000000001        0.0000000000000000     
  0.15184800000000001        0.0000000000000000     
  0.15284700000000001        0.0000000000000000     
  0.15384600000000001        0.0000000000000000     
  0.15484500000000001        0.0000000000000000     
  0.15584400000000001        0.0000000000000000     
  0.15684300000000001        0.0000000000000000     
  0.15784200000000001        0.0000000000000000     
  0.15884100000000001        0.0000000000000000     
  0.15984000000000001        0.0000000000000000     
  0.16083900000000001        0.0000000000000000     
  0.16183800000000001        0.0000000000000000     
  0.16283700000000001        0.0000000000000000     
  0.16383600000000001        0.0000000000000000     
  0.16483500000000001        0.0000000000000000     
  0.16583400000000001        0.0000000000000000     
  0.16683300000000001        0.0000000000000000     
  0.16783200000000001        0.0000000000000000     
  0.16883100000000001        0.0000000000000000     
  0.16983000000000001        0.0000000000000000     
  0.17082900000000001        0.0000000000000000     
  0.17182800000000001        0.0000000000000000     
  0.17282700000000001        0.0000000000000000     
  0.17382600000000001        0.0000000000000000     
  0.17482500000000001        0.0000000000000000     
  0.17582400000000001        0.0000000000000000     
  0.17682300000000001        0.0000000000000000     
  0.17782200000000001        0.0000000000000000     
  0.17882100000000001        0.0000000000000000     
  0.17982000000000001        0.0000000000000000     
  0.18081900000000001        0.0000000000000000     
  0.18181800000000001        0.0000000000000000     
  0.18281700000000001        0.0000000000000000     
  0.18381600000000001        0.0000000000000000     
  0.18481500000000001        0.0000000000000000     
  0.18581400000000001        0.0000000000000000     
  0.18681300000000001        0.0000000000000000     
  0.18781200000000001        0.0000000000000000     
  0.18881100000000001        0.0000000000000000     
  0.18981000000000001        0.0000000000000000     
  0.19080900000000001        0.0000000000000000     
  0.19180800000000003        0.0000000000000000     
  0.19280700000000003        0.0000000000000000     
  0.19380600000000003        0.0000000000000000     
  0.19480500000000003        0.0000000000000000     
  0.19580400000000003        0.0000000000000000     
  0.19680300000000003        0.0000000000000000     
  0.19780200000000003        0.0000000000000000     
  0.19880100000000003        0.0000000000000000     
  0.19980000000000003        0.0000000000000000     
  0.20079900000000003        0.0000000000000000     
  0.20179800000000003        0.0000000000000000     
  0.20279700000000003        0.0000000000000000     
  0.20379600000000003        0.0000000000000000     
  0.20479500000000003        0.0000000000000000     
  0.20579400000000003        0.0000000000000000     
  0.20679300000000003        0.0000000000000000     
  0.20779200000000003        0.0000000000000000     
  0.20879100000000003        0.0000000000000000     
  0.20979000000000003        0.0000000000000000     
  0.21078900000000003        0.0000000000000000     
  0.21178800000000003        0.0000000000000000     
  0.21278700000000003        0.0000000000000000     
  0.21378600000000003        0.0000000000000000     
  0.21478500000000003        0.0000000000000000     
  0.21578400000000003        0.0000000000000000     
  0.21678300000000003        0.0000000000000000     
  0.21778200000000003        0.0000000000000000     
  0.21878100000000003        0.0000000000000000     
  0.21978000000000003        0.0000000000000000     
  0.22077900000000003        0.0000000000000000     
  0.22177800000000003        0.0000000000000000     
  0.22277700000000003        0.0000000000000000     
  0.22377600000000003        0.0000000000000000     
  0.22477500000000003        0.0000000000000000     
  0.22577400000000003        0.0000000000000000     
  0.22677300000000003        0.0000000000000000     
  0.22777200000000003        0.0000000000000000     
  0.22877100000000003        0.0000000000000000     
  0.22977000000000003        0.0000000000000000     
  0.23076900000000003        0.0000000000000000     
  0.23176800000000003        0.0000000000000000     
  0.23276700000000003        0.0000000000000000     
  0.23376600000000003        0.0000000000000000     
  0.23476500000000003        0.0000000000000000     
  0.23576400000000003        0.0000000000000000     
  0.23676300000000003        0.0000000000000000     
  0.23776200000000003        0.0000000000000000     
  0.23876100000000003        0.0000000000000000     
  0.23976000000000003        0.0000000000000000     
  0.24075900000000003        0.0000000000000000     
  0.24175800000000003        0.0000000000000000     
  0.24275700000000003        0.0000000000000000     
  0.24375600000000003        0.0000000000000000     
  0.24475500000000003        0.0000000000000000     
  0.24575400000000003        0.0000000000000000     
  0.24675300000000003        0.0000000000000000     
  0.24775200000000003        0.0000000000000000     
  0.24875100000000003        0.0000000000000000     
  0.24975000000000003        0.0000000000000000     
  0.25074900000000000        0.0000000000000000     
  0.25174800000000003        0.0000000000000000     
  0.25274700000000000        0.0000000000000000     
  0.25374600000000003        0.0000000000000000     
  0.25474500000000000        0.0000000000000000     
  0.25574400000000003        0.0000000000000000     
  0.25674300000000005        0.0000000000000000     
  0.25774200000000003        0.0000000000000000     
  0.25874100000000005        0.0000000000000000     
  0.25974000000000003        0.0000000000000000     
  0.26073900000000005        0.0000000000000000     
  0.26173800000000003        0.0000000000000000     
  0.26273700000000005        0.0000000000000000     
  0.26373600000000003        0.0000000000000000     
  0.26473500000000005        0.0000000000000000     
  0.26573400000000003        0.0000000000000000     
  0.26673300000000005        0.0000000000000000     
  0.26773200000000003        0.0000000000000000     
  0.26873100000000005        0.0000000000000000     
  0.26973000000000003        0.0000000000000000     
  0.27072900000000005        0.0000000000000000     
  0.27172800000000003        0.0000000000000000     
  0.27272700000000005        0.0000000000000000     
  0.27372600000000002        0.0000000000000000     
  0.27472500000000005        0.0000000000000000     
  0.27572400000000002        0.0000000000000000     
  0.27672300000000005        0.0000000000000000     
  0.27772200000000002        0.0000000000000000     
  0.27872100000000005        0.0000000000000000     
  0.27972000000000002        0.0000000000000000     
  0.28071900000000005        0.0000000000000000     
  0.28171800000000002        0.0000000000000000     
  0.28271700000000005        0.0000000000000000     
  0.28371600000000002        0.0000000000000000     
  0.28471500000000005        0.0000000000000000     
  0.28571400000000002        0.0000000000000000     
  0.28671300000000005        0.0000000000000000     
  0.28771200000000002        0.0000000000000000     
  0.28871100000000005        0.0000000000000000     
  0.28971000000000002        0.0000000000000000     
  0.29070900000000005        0.0000000000000000     
  0.29170800000000002        0.0000000000000000     
  0.29270700000000005        0.0000000000000000     
  0.29370600000000002        0.0000000000000000     
  0.29470500000000005        0.0000000000000000     
  0.29570400000000002        0.0000000000000000     
  0.29670300000000005        0.0000000000000000     
  0.29770200000000002        0.0000000000000000     
  0.29870100000000005        0.0000000000000000     
  0.29970000000000002        0.0000000000000000     
  0.30069900000000005        0.0000000000000000     
  0.30169800000000002        0.0000000000000000     
  0.30269700000000005        0.0000000000000000     
  0.30369600000000002        0.0000000000000000     
  0.30469500000000005        0.0000000000000000     
  0.30569400000000002        0.0000000000000000     
  0.30669300000000005        0.0000000000000000     
  0.30769200000000002        0.0000000000000000     
  0.30869100000000005        0.0000000000000000     
  0.30969000000000002        0.0000000000000000     
  0.31068900000000005        0.0000000000000000     
  0.31168800000000002        0.0000000000000000     
  0.31268700000000005        0.0000000000000000     
  0.31368600000000002        0.0000000000000000     
  0.31468500000000005        0.0000000000000000     
  0.31568400000000002        0.0000000000000000     
  0.31668300000000005        0.0000000000000000     
  0.31768200000000002        0.0000000000000000     
  0.31868100000000005        0.0000000000000000     
  0.31968000000000002        0.0000000000000000     
  0.32067900000000005        0.0000000000000000     
  0.32167800000000002        0.0000000000000000     
  0.32267700000000005        0.0000000000000000     
  0.32367600000000002        0.0000000000000000     
  0.32467500000000005        0.0000000000000000     
  0.32567400000000002        0.0000000000000000     
  0.32667300000000005        0.0000000000000000     
  0.32767200000000002        0.0000000000000000     
  0.32867100000000005        0.0000000000000000     
  0.32967000000000002        0.0000000000000000     
  0.33066900000000005        0.0000000000000000     
  0.33166800000000002        0.0000000000000000     
  0.33266700000000005        0.0000000000000000     
  0.33366600000000002        0.0000000000000000     
  0.33466500000000005        0.0000000000000000     
  0.33566400000000002        0.0000000000000000     
  0.33666300000000005        0.0000000000000000     
  0.33766200000000002        0.0000000000000000     
  0.33866100000000005        0.0000000000000000     
  0.33966000000000002        0.0000000000000000     
  0.34065900000000005        0.0000000000000000     
  0.34165800000000002        0.0000000000000000     
  0.34265700000000004        0.0000000000000000     
  0.34365600000000002        0.0000000000000000     
  0.34465500000000004        0.0000000000000000     
  0.34565400000000002        0.0000000000000000     
  0.34665300000000004        0.0000000000000000     
  0.34765200000000002        0.0000000000000000     
  0.34865100000000004        0.0000000000000000     
  0.34965000000000002        0.0000000000000000     
  0.35064900000000004        0.0000000000000000     
  0.35164800000000002        0.0000000000000000     
  0.35264700000000004        0.0000000000000000     
  0.35364600000000002        0.0000000000000000     
  0.35464500000000004        0.0000000000000000     
  0.35564400000000002        0.0000000000000000     
  0.35664300000000004        0.0000000000000000     
  0.35764200000000002        0.0000000000000000     
  0.35864100000000004        0.0000000000000000     
  0.35964000000000002        0.0000000000000000     
  0.36063900000000004        0.0000000000000000     
  0.36163800000000001        0.0000000000000000     
  0.36263700000000004        0.0000000000000000     
  0.36363600000000001        0.0000000000000000     
  0.36463500000000004        0.0000000000000000     
  0.36563400000000001        0.0000000000000000     
  0.36663300000000004        0.0000000000000000     
  0.36763200000000001        0.0000000000000000     
  0.36863100000000004        0.0000000000000000     
  0.36963000000000001        0.0000000000000000     
  0.37062900000000004        0.0000000000000000     
  0.37162800000000001        0.0000000000000000     
  0.37262700000000004        0.0000000000000000     
  0.37362600000000001        0.0000000000000000     
  0.37462500000000004        0.0000000000000000     
  0.37562400000000001        0.0000000000000000     
  0.37662300000000004        0.0000000000000000     
  0.37762200000000001        0.0000000000000000     
  0.37862100000000004        0.0000000000000000     
  0.37962000000000001        0.0000000000000000     
  0.38061900000000004        0.0000000000000000     
  0.38161800000000001        0.0000000000000000     
  0.38261700000000004        0.0000000000000000     
  0.38361600000000007        0.0000000000000000     
  0.38461500000000004        0.0000000000000000     
  0.38561400000000007        0.0000000000000000     
  0.38661300000000004        0.0000000000000000     
  0.38761200000000007        0.0000000000000000     
  0.38861100000000004        0.0000000000000000     
  0.38961000000000007        0.0000000000000000     
  0.39060900000000004        0.0000000000000000     
  0.39160800000000007        0.0000000000000000     
  0.39260700000000004        0.0000000000000000     
  0.39360600000000007        0.0000000000000000     
  0.39460500000000004        0.0000000000000000     
  0.39560400000000007        0.0000000000000000     
  0.39660300000000004        0.0000000000000000     
  0.39760200000000007        0.0000000000000000     
  0.39860100000000004        0.0000000000000000     
  0.39960000000000007        0.0000000000000000     
  0.40059900000000004        0.0000000000000000     
  0.40159800000000007        0.0000000000000000     
  0.40259700000000004        0.0000000000000000     
  0.40359600000000007        0.0000000000000000     
  0.40459500000000004        0.0000000000000000     
  0.40559400000000007        0.0000000000000000     
  0.40659300000000004        0.0000000000000000     
  0.40759200000000007        0.0000000000000000     
  0.40859100000000004        0.0000000000000000     
  0.40959000000000007        0.0000000000000000     
  0.41058900000000004        0.0000000000000000     
  0.41158800000000006        0.0000000000000000     
  0.41258700000000004        0.0000000000000000     
  0.41358600000000006        0.0000000000000000     
  0.41458500000000004        0.0000000000000000     
  0.41558400000000006        0.0000000000000000     
  0.41658300000000004        0.0000000000000000     
  0.41758200000000006        0.0000000000000000     
  0.41858100000000004        0.0000000000000000     
  0.41958000000000006        0.0000000000000000     
  0.42057900000000004        0.0000000000000000     
  0.42157800000000006        0.0000000000000000     
  0.42257700000000004        0.0000000000000000     
  0.42357600000000006        0.0000000000000000     
  0.42457500000000004        0.0000000000000000     
  0.42557400000000006        0.0000000000000000     
  0.42657300000000004        0.0000000000000000     
  0.42757200000000006        0.0000000000000000     
  0.42857100000000004        0.0000000000000000     
  0.42957000000000006        0.0000000000000000     
  0.43056900000000004        0.0000000000000000     
  0.43156800000000006        0.0000000000000000     
  0.43256700000000003        0.0000000000000000     
  0.43356600000000006        0.0000000000000000     
  0.43456500000000003        0.0000000000000000     
  0.43556400000000006        0.0000000000000000     
  0.43656300000000003        0.0000000000000000     
  0.43756200000000006        0.0000000000000000     
  0.43856100000000003        0.0000000000000000     
  0.43956000000000006        0.0000000000000000     
  0.44055900000000003        0.0000000000000000     
  0.44155800000000006        0.0000000000000000     
  0.44255700000000003        0.0000000000000000     
  0.44355600000000006        0.0000000000000000     
  0.44455500000000003        0.0000000000000000     
  0.44555400000000006        0.0000000000000000     
  0.44655300000000003        0.0000000000000000     
  0.44755200000000006        0.0000000000000000     
  0.44855100000000003        0.0000000000000000     
  0.44955000000000006        0.0000000000000000     
  0.45054900000000003        0.0000000000000000     
  0.45154800000000006        0.0000000000000000     
  0.45254700000000003        0.0000000000000000     
  0.45354600000000006        0.0000000000000000     
  0.45454500000000003        0.0000000000000000     
  0.45554400000000006        0.0000000000000000     
  0.45654300000000003        0.0000000000000000     
  0.45754200000000006        0.0000000000000000     
  0.45854100000000003        0.0000000000000000     
  0.45954000000000006        0.0000000000000000     
  0.46053900000000003        0.0000000000000000     
  0.46153800000000006        0.0000000000000000     
  0.46253700000000003        0.0000000000000000     
  0.46353600000000006        0.0000000000000000     
  0.46453500000000003        0.0000000000000000     
  0.46553400000000006        0.0000000000000000     
  0.46653300000000003        0.0000000000000000     
  0.46753200000000006        0.0000000000000000     
  0.46853100000000003        0.0000000000000000     
  0.46953000000000006        0.0000000000000000     
  0.47052900000000003        0.0000000000000000     
  0.47152800000000006        0.0000000000000000     
  0.47252700000000003        0.0000000000000000     
  0.47352600000000006        0.0000000000000000     
  0.47452500000000003        0.0000000000000000     
  0.47552400000000006        0.0000000000000000     
  0.47652300000000003        0.0000000000000000     
  0.47752200000000006        0.0000000000000000     
  0.47852100000000003        0.0000000000000000     
  0.47952000000000006        0.0000000000000000     
  0.48051900000000003        0.0000000000000000     
  0.48151800000000006        0.0000000000000000     
  0.48251700000000003        0.0000000000000000     
  0.48351600000000006        0.0000000000000000     
  0.48451500000000003        0.0000000000000000     
  0.48551400000000006        0.0000000000000000     
  0.48651300000000003        0.0000000000000000     
  0.48751200000000006        0.0000000000000000     
  0.48851100000000003        0.0000000000000000     
  0.48951000000000006        0.0000000000000000     
  0.49050900000000003        0.0000000000000000     
  0.49150800000000006        0.0000000000000000     
  0.49250700000000003        0.0000000000000000     
  0.49350600000000006        0.0000000000000000     
  0.49450500000000003        0.0000000000000000     
  0.49550400000000006        0.0000000000000000     
  0.49650300000000003        0.0000000000000000     
  0.49750200000000006        0.0000000000000000     
  0.49850100000000003        0.0000000000000000     
  0.49950000000000006        0.0000000000000000     
  0.50049900000000003        0.0000000000000000     
  0.50149800000000000        0.0000000000000000     
  0.50249700000000008        0.0000000000000000     
  0.50349600000000005        0.0000000000000000     
  0.50449500000000003        0.0000000000000000     
  0.50549400000000000        0.0000000000000000     
  0.50649300000000008        0.0000000000000000     
  0.50749200000000005        0.0000000000000000     
  0.50849100000000003        0.0000000000000000     
  0.50949000000000000        0.0000000000000000     
  0.51048900000000008        0.0000000000000000     
  0.51148800000000005        0.0000000000000000     
  0.51248700000000003        0.0000000000000000     
  0.51348600000000011        0.0000000000000000     
  0.51448500000000008        0.0000000000000000     
  0.51548400000000005        0.0000000000000000     
  0.51648300000000003        0.0000000000000000     
  0.51748200000000011        0.0000000000000000     
  0.51848100000000008        0.0000000000000000     
  0.51948000000000005        0.0000000000000000     
  0.52047900000000002        0.0000000000000000     
  0.52147800000000011        0.0000000000000000     
  0.52247700000000008        0.0000000000000000     
  0.52347600000000005        0.0000000000000000     
  0.52447500000000002        0.0000000000000000     
  0.52547400000000011        0.0000000000000000     
  0.52647300000000008        0.0000000000000000     
  0.52747200000000005        0.0000000000000000     
  0.52847100000000002        0.0000000000000000     
  0.52947000000000011        0.0000000000000000     
  0.53046900000000008        0.0000000000000000     
  0.53146800000000005        0.0000000000000000     
  0.53246700000000002        0.0000000000000000     
  0.53346600000000011        0.0000000000000000     
  0.53446500000000008        0.0000000000000000     
  0.53546400000000005        0.0000000000000000     
  0.53646300000000002        0.0000000000000000     
  0.53746200000000011        0.0000000000000000     
  0.53846100000000008        0.0000000000000000     
  0.53946000000000005        0.0000000000000000     
  0.54045900000000002        0.0000000000000000     
  0.54145800000000011        0.0000000000000000     
  0.54245700000000008        0.0000000000000000     
  0.54345600000000005        0.0000000000000000     
  0.54445500000000002        0.0000000000000000     
  0.54545400000000011        0.0000000000000000     
  0.54645300000000008        0.0000000000000000     
  0.54745200000000005        0.0000000000000000     
  0.54845100000000002        0.0000000000000000     
  0.54945000000000010        0.0000000000000000     
  0.55044900000000008        0.0000000000000000     
  0.55144800000000005        0.0000000000000000     
  0.55244700000000002        0.0000000000000000     
  0.55344600000000010        0.0000000000000000     
  0.55444500000000008        0.0000000000000000     
  0.55544400000000005        0.0000000000000000     
  0.55644300000000002        0.0000000000000000     
  0.55744200000000010        0.0000000000000000     
  0.55844100000000008        0.0000000000000000     
  0.55944000000000005        0.0000000000000000     
  0.56043900000000002        0.0000000000000000     
  0.56143800000000010        0.0000000000000000     
  0.56243700000000008        0.0000000000000000     
  0.56343600000000005        0.0000000000000000     
  0.56443500000000002        0.0000000000000000     
  0.56543400000000010        0.0000000000000000     
  0.56643300000000008        0.0000000000000000     
  0.56743200000000005        0.0000000000000000     
  0.56843100000000002        0.0000000000000000     
  0.56943000000000010        0.0000000000000000     
  0.57042900000000007        0.0000000000000000     
  0.57142800000000005        0.0000000000000000     
  0.57242700000000002        0.0000000000000000     
  0.57342600000000010        0.0000000000000000     
  0.57442500000000007        0.0000000000000000     
  0.57542400000000005        0.0000000000000000     
  0.57642300000000002        0.0000000000000000     
  0.57742200000000010        0.0000000000000000     
  0.57842100000000007        0.0000000000000000     
  0.57942000000000005        0.0000000000000000     
  0.58041900000000002        0.0000000000000000     
  0.58141800000000010        0.0000000000000000     
  0.58241700000000007        0.0000000000000000     
  0.58341600000000005        0.0000000000000000     
  0.58441500000000002        0.0000000000000000     
  0.58541400000000010        0.0000000000000000     
  0.58641300000000007        0.0000000000000000     
  0.58741200000000005        0.0000000000000000     
  0.58841100000000002        0.0000000000000000     
  0.58941000000000010        0.0000000000000000     
  0.59040900000000007        0.0000000000000000     
  0.59140800000000004        0.0000000000000000     
  0.59240700000000002        0.0000000000000000     
  0.59340600000000010        0.0000000000000000     
  0.59440500000000007        0.0000000000000000     
  0.59540400000000004        0.0000000000000000     
  0.59640300000000002        0.0000000000000000     
  0.59740200000000010        0.0000000000000000     
  0.59840100000000007        0.0000000000000000     
  0.59940000000000004        0.0000000000000000     
  0.60039900000000002        0.0000000000000000     
  0.60139800000000010        0.0000000000000000     
  0.60239700000000007        0.0000000000000000     
  0.60339600000000004        0.0000000000000000     
  0.60439500000000002        0.0000000000000000     
  0.60539400000000010        0.0000000000000000     
  0.60639300000000007        0.0000000000000000     
  0.60739200000000004        0.0000000000000000     
  0.60839100000000002        0.0000000000000000     
  0.60939000000000010        0.0000000000000000     
  0.61038900000000007        0.0000000000000000     
  0.61138800000000004        0.0000000000000000     
  0.61238700000000001        0.0000000000000000     
  0.61338600000000010        0.0000000000000000     
  0.61438500000000007        0.0000000000000000     
  0.61538400000000004        0.0000000000000000     
  0.61638300000000001        0.0000000000000000     
  0.61738200000000010        0.0000000000000000     
  0.61838100000000007        0.0000000000000000     
  0.61938000000000004        0.0000000000000000     
  0.62037900000000001        0.0000000000000000     
  0.62137800000000010        0.0000000000000000     
  0.62237700000000007        0.0000000000000000     
  0.62337600000000004        0.0000000000000000     
  0.62437500000000001        0.0000000000000000     
  0.62537400000000010        0.0000000000000000     
  0.62637300000000007        0.0000000000000000     
  0.62737200000000004        0.0000000000000000     
  0.62837100000000001        0.0000000000000000     
  0.62937000000000010        0.0000000000000000     
  0.63036900000000007        0.0000000000000000     
  0.63136800000000004        0.0000000000000000     
  0.63236700000000001        0.0000000000000000     
  0.63336600000000010        0.0000000000000000     
  0.63436500000000007        0.0000000000000000     
  0.63536400000000004        0.0000000000000000     
  0.63636300000000001        0.0000000000000000     
  0.63736200000000010        0.0000000000000000     
  0.63836100000000007        0.0000000000000000     
  0.63936000000000004        0.0000000000000000     
  0.64035900000000012        0.0000000000000000     
  0.64135800000000009        0.0000000000000000     
  0.64235700000000007        0.0000000000000000     
  0.64335600000000004        0.0000000000000000     
  0.64435500000000012        0.0000000000000000     
  0.64535400000000009        0.0000000000000000     
  0.64635300000000007        0.0000000000000000     
  0.64735200000000004        0.0000000000000000     
  0.64835100000000012        0.0000000000000000     
  0.64935000000000009        0.0000000000000000     
  0.65034900000000007        0.0000000000000000     
  0.65134800000000004        0.0000000000000000     
  0.65234700000000012        0.0000000000000000     
  0.65334600000000009        0.0000000000000000     
  0.65434500000000007        0.0000000000000000     
  0.65534400000000004        0.0000000000000000     
  0.65634300000000012        0.0000000000000000     
  0.65734200000000009        0.0000000000000000     
  0.65834100000000007        0.0000000000000000     
  0.65934000000000004        0.0000000000000000     
  0.66033900000000012        0.0000000000000000     
  0.66133800000000009        0.0000000000000000     
  0.66233700000000006        0.0000000000000000     
  0.66333600000000004        0.0000000000000000     
  0.66433500000000012        0.0000000000000000     
  0.66533400000000009        0.0000000000000000     
  0.66633300000000006        0.0000000000000000     
  0.66733200000000004        0.0000000000000000     
  0.66833100000000012        0.0000000000000000     
  0.66933000000000009        0.0000000000000000     
  0.67032900000000006        0.0000000000000000     
  0.67132800000000004        0.0000000000000000     
  0.67232700000000012        0.0000000000000000     
  0.67332600000000009        0.0000000000000000     
  0.67432500000000006        0.0000000000000000     
  0.67532400000000004        0.0000000000000000     
  0.67632300000000012        0.0000000000000000     
  0.67732200000000009        0.0000000000000000     
  0.67832100000000006        0.0000000000000000     
  0.67932000000000003        0.0000000000000000     
  0.68031900000000012        0.0000000000000000     
  0.68131800000000009        0.0000000000000000     
  0.68231700000000006        0.0000000000000000     
  0.68331600000000003        0.0000000000000000     
  0.68431500000000012        0.0000000000000000     
  0.68531400000000009        0.0000000000000000     
  0.68631300000000006        0.0000000000000000     
  0.68731200000000003        0.0000000000000000     
  0.68831100000000012        0.0000000000000000     
  0.68931000000000009        0.0000000000000000     
  0.69030900000000006        0.0000000000000000     
  0.69130800000000003        0.0000000000000000     
  0.69230700000000012        0.0000000000000000     
  0.69330600000000009        0.0000000000000000     
  0.69430500000000006        0.0000000000000000     
  0.69530400000000003        0.0000000000000000     
  0.69630300000000012        0.0000000000000000     
  0.69730200000000009        0.0000000000000000     
  0.69830100000000006        0.0000000000000000     
  0.69930000000000003        0.0000000000000000     
  0.70029900000000012        0.0000000000000000     
  0.70129800000000009        0.0000000000000000     
  0.70229700000000006        0.0000000000000000     
  0.70329600000000003        0.0000000000000000     
  0.70429500000000012        0.0000000000000000     
  0.70529400000000009        0.0000000000000000     
  0.70629300000000006        0.0000000000000000     
  0.70729200000000003        0.0000000000000000     
  0.70829100000000011        0.0000000000000000     
  0.70929000000000009        0.0000000000000000     
  0.71028900000000006        0.0000000000000000     
  0.71128800000000003        0.0000000000000000     
  0.71228700000000011        0.0000000000000000     
  0.71328600000000009        0.0000000000000000     
  0.71428500000000006        0.0000000000000000     
  0.71528400000000003        0.0000000000000000     
  0.71628300000000011        0.0000000000000000     
  0.71728200000000009        0.0000000000000000     
  0.71828100000000006        0.0000000000000000     
  0.71928000000000003        0.0000000000000000     
  0.72027900000000011        0.0000000000000000     
  0.72127800000000009        0.0000000000000000     
  0.72227700000000006        0.0000000000000000     
  0.72327600000000003        0.0000000000000000     
  0.72427500000000011        0.0000000000000000     
  0.72527400000000009        0.0000000000000000     
  0.72627300000000006        0.0000000000000000     
  0.72727200000000003        0.0000000000000000     
  0.72827100000000011        0.0000000000000000     
  0.72927000000000008        0.0000000000000000     
  0.73026900000000006        0.0000000000000000     
  0.73126800000000003        0.0000000000000000     
  0.73226700000000011        0.0000000000000000     
  0.73326600000000008        0.0000000000000000     
  0.73426500000000006        0.0000000000000000     
  0.73526400000000003        0.0000000000000000     
  0.73626300000000011        0.0000000000000000     
  0.73726200000000008        0.0000000000000000     
  0.73826100000000006        0.0000000000000000     
  0.73926000000000003        0.0000000000000000     
  0.74025900000000011        0.0000000000000000     
  0.74125800000000008        0.0000000000000000     
  0.74225700000000006        0.0000000000000000     
  0.74325600000000003        0.0000000000000000     
  0.74425500000000011        0.0000000000000000     
  0.74525400000000008        0.0000000000000000     
  0.74625300000000006        0.0000000000000000     
  0.74725200000000003        0.0000000000000000     
  0.74825100000000011        0.0000000000000000     
  0.74925000000000008        0.0000000000000000     
  0.75024900000000005        0.0000000000000000     
  0.75124800000000003        0.0000000000000000     
  0.75224700000000011        0.0000000000000000     
  0.75324600000000008        0.0000000000000000     
  0.75424500000000005        0.0000000000000000     
  0.75524400000000003        0.0000000000000000     
  0.75624300000000011        0.0000000000000000     
  0.75724200000000008        0.0000000000000000     
  0.75824100000000005        0.0000000000000000     
  0.75924000000000003        0.0000000000000000     
  0.76023900000000011        0.0000000000000000     
  0.76123800000000008        0.0000000000000000     
  0.76223700000000005        0.0000000000000000     
  0.76323600000000003        0.0000000000000000     
  0.76423500000000011        0.0000000000000000     
  0.76523400000000008        0.0000000000000000     
  0.76623300000000005        0.0000000000000000     
  0.76723200000000014        0.0000000000000000     
  0.76823100000000011        0.0000000000000000     
  0.76923000000000008        0.0000000000000000     
  0.77022900000000005        0.0000000000000000     
  0.77122800000000014        0.0000000000000000     
  0.77222700000000011        0.0000000000000000     
  0.77322600000000008        0.0000000000000000     
  0.77422500000000005        0.0000000000000000     
  0.77522400000000014        0.0000000000000000     
  0.77622300000000011        0.0000000000000000     
  0.77722200000000008        0.0000000000000000     
  0.77822100000000005        0.0000000000000000     
  0.77922000000000013        0.0000000000000000     
  0.78021900000000011        0.0000000000000000     
  0.78121800000000008        0.0000000000000000     
  0.78221700000000005        0.0000000000000000     
  0.78321600000000013        0.0000000000000000     
  0.78421500000000011        0.0000000000000000     
  0.78521400000000008        0.0000000000000000     
  0.78621300000000005        0.0000000000000000     
  0.78721200000000013        0.0000000000000000     
  0.78821100000000011        0.0000000000000000     
  0.78921000000000008        0.0000000000000000     
  0.79020900000000005        0.0000000000000000     
  0.79120800000000013        0.0000000000000000     
  0.79220700000000011        0.0000000000000000     
  0.79320600000000008        0.0000000000000000     
  0.79420500000000005        0.0000000000000000     
  0.79520400000000013        0.0000000000000000     
  0.79620300000000011        0.0000000000000000     
  0.79720200000000008        0.0000000000000000     
  0.79820100000000005        0.0000000000000000     
  0.79920000000000013        0.0000000000000000     
  0.80019900000000010        0.0000000000000000     
  0.80119800000000008        0.0000000000000000     
  0.80219700000000005        0.0000000000000000     
  0.80319600000000013        0.0000000000000000     
  0.80419500000000010        0.0000000000000000     
  0.80519400000000008        0.0000000000000000     
  0.80619300000000005        0.0000000000000000     
  0.80719200000000013        0.0000000000000000     
  0.80819100000000010        0.0000000000000000     
  0.80919000000000008        0.0000000000000000     
  0.81018900000000005        0.0000000000000000     
  0.81118800000000013        0.0000000000000000     
  0.81218700000000010        0.0000000000000000     
  0.81318600000000008        0.0000000000000000     
  0.81418500000000005        0.0000000000000000     
  0.81518400000000013        0.0000000000000000     
  0.81618300000000010        0.0000000000000000     
  0.81718200000000007        0.0000000000000000     
  0.81818100000000005        0.0000000000000000     
  0.81918000000000013        0.0000000000000000     
  0.82017900000000010        0.0000000000000000     
  0.82117800000000007        0.0000000000000000     
  0.82217700000000005        0.0000000000000000     
  0.82317600000000013        0.0000000000000000     
  0.82417500000000010        0.0000000000000000     
  0.82517400000000007        0.0000000000000000     
  0.82617300000000005        0.0000000000000000     
  0.82717200000000013        0.0000000000000000     
  0.82817100000000010        0.0000000000000000     
  0.82917000000000007        0.0000000000000000     
  0.83016900000000005        0.0000000000000000     
  0.83116800000000013        0.0000000000000000     
  0.83216700000000010        0.0000000000000000     
  0.83316600000000007        0.0000000000000000     
  0.83416500000000005        0.0000000000000000     
  0.83516400000000013        0.0000000000000000     
  0.83616300000000010        0.0000000000000000     
  0.83716200000000007        0.0000000000000000     
  0.83816100000000004        0.0000000000000000     
  0.83916000000000013        0.0000000000000000     
  0.84015900000000010        0.0000000000000000     
  0.84115800000000007        0.0000000000000000     
  0.84215700000000004        0.0000000000000000     
  0.84315600000000013        0.0000000000000000     
  0.84415500000000010        0.0000000000000000     
  0.84515400000000007        0.0000000000000000     
  0.84615300000000004        0.0000000000000000     
  0.84715200000000013        0.0000000000000000     
  0.84815100000000010        0.0000000000000000     
  0.84915000000000007        0.0000000000000000     
  0.85014900000000004        0.0000000000000000     
  0.85114800000000013        0.0000000000000000     
  0.85214700000000010        0.0000000000000000     
  0.85314600000000007        0.0000000000000000     
  0.85414500000000004        0.0000000000000000     
  0.85514400000000013        0.0000000000000000     
  0.85614300000000010        0.0000000000000000     
  0.85714200000000007        0.0000000000000000     
  0.85814100000000004        0.0000000000000000     
  0.85914000000000013        0.0000000000000000     
  0.86013900000000010        0.0000000000000000     
  0.86113800000000007        0.0000000000000000     
  0.86213700000000004        0.0000000000000000     
  0.86313600000000013        0.0000000000000000     
  0.86413500000000010        0.0000000000000000     
  0.86513400000000007        0.0000000000000000     
  0.86613300000000004        0.0000000000000000     
  0.86713200000000012        0.0000000000000000     
  0.86813100000000010        0.0000000000000000     
  0.86913000000000007        0.0000000000000000     
  0.87012900000000004        0.0000000000000000     
  0.87112800000000012        0.0000000000000000     
  0.87212700000000010        0.0000000000000000     
  0.87312600000000007        0.0000000000000000     
  0.87412500000000004        0.0000000000000000     
  0.87512400000000012        0.0000000000000000     
  0.87612300000000010        0.0000000000000000     
  0.87712200000000007        0.0000000000000000     
  0.87812100000000004        0.0000000000000000     
  0.87912000000000012        0.0000000000000000     
  0.88011900000000010        0.0000000000000000     
  0.88111800000000007        0.0000000000000000     
  0.88211700000000004        0.0000000000000000     
  0.88311600000000012        0.0000000000000000     
  0.88411500000000010        0.0000000000000000     
  0.88511400000000007        0.0000000000000000     
  0.88611300000000004        0.0000000000000000     
  0.88711200000000012        0.0000000000000000     
  0.88811100000000009        0.0000000000000000     
  0.88911000000000007        0.0000000000000000     
  0.89010900000000004        0.0000000000000000     
  0.89110800000000012        0.0000000000000000     
  0.89210700000000009        0.0000000000000000     
  0.89310600000000007        0.0000000000000000     
  0.89410500000000004        0.0000000000000000     
  0.89510400000000012        0.0000000000000000     
  0.89610300000000009        0.0000000000000000     
  0.89710200000000007        0.0000000000000000     
  0.89810100000000015        0.0000000000000000     
  0.89910000000000012        0.0000000000000000     
  0.90009900000000009        0.0000000000000000     
  0.90109800000000007        0.0000000000000000     
  0.90209700000000015        0.0000000000000000     
  0.90309600000000012        0.0000000000000000     
  0.90409500000000009        0.0000000000000000     
  0.90509400000000007        0.0000000000000000     
  0.90609300000000015        0.0000000000000000     
  0.90709200000000012        0.0000000000000000     
  0.90809100000000009        0.0000000000000000     
  0.90909000000000006        0.0000000000000000     
  0.91008900000000015        0.0000000000000000     
  0.91108800000000012        0.0000000000000000     
  0.91208700000000009        0.0000000000000000     
  0.91308600000000006        0.0000000000000000     
  0.91408500000000015        0.0000000000000000     
  0.91508400000000012        0.0000000000000000     
  0.91608300000000009        0.0000000000000000     
  0.91708200000000006        0.0000000000000000     
  0.91808100000000015        0.0000000000000000     
  0.91908000000000012        0.0000000000000000     
  0.92007900000000009        0.0000000000000000     
  0.92107800000000006        0.0000000000000000     
  0.92207700000000015        0.0000000000000000     
  0.92307600000000012        0.0000000000000000     
  0.92407500000000009        0.0000000000000000     
  0.92507400000000006        0.0000000000000000     
  0.92607300000000015        0.0000000000000000     
  0.92707200000000012        0.0000000000000000     
  0.92807100000000009        0.0000000000000000     
  0.92907000000000006        0.0000000000000000     
  0.93006900000000015        0.0000000000000000     
  0.93106800000000012        0.0000000000000000     
  0.93206700000000009        0.0000000000000000     
  0.93306600000000006        0.0000000000000000     
  0.93406500000000015        0.0000000000000000     
  0.93506400000000012        0.0000000000000000     
  0.93606300000000009        0.0000000000000000     
  0.93706200000000006        0.0000000000000000     
  0.93806100000000014        0.0000000000000000     
  0.93906000000000012        0.0000000000000000     
  0.94005900000000009        0.0000000000000000     
  0.94105800000000006        0.0000000000000000     
  0.94205700000000014        0.0000000000000000     
  0.94305600000000012        0.0000000000000000     
  0.94405500000000009        0.0000000000000000     
  0.94505400000000006        0.0000000000000000     
  0.94605300000000014        0.0000000000000000     
  0.94705200000000012        0.0000000000000000     
  0.94805100000000009        0.0000000000000000     
  0.94905000000000006        0.0000000000000000     
  0.95004900000000014        0.0000000000000000     
  0.95104800000000012        0.0000000000000000     
  0.95204700000000009        0.0000000000000000     
  0.95304600000000006        0.0000000000000000     
  0.95404500000000014        0.0000000000000000     
  0.95504400000000012        0.0000000000000000     
  0.95604300000000009        0.0000000000000000     
  0.95704200000000006        0.0000000000000000     
  0.95804100000000014        0.0000000000000000     
  0.95904000000000011        0.0000000000000000     
  0.96003900000000009        0.0000000000000000     
  0.96103800000000006        0.0000000000000000     
  0.96203700000000014        0.0000000000000000     
  0.96303600000000011        0.0000000000000000     
  0.96403500000000009        0.0000000000000000     
  0.96503400000000006        0.0000000000000000     
  0.96603300000000014        0.0000000000000000     
  0.96703200000000011        0.0000000000000000     
  0.96803100000000009        0.0000000000000000     
  0.96903000000000006        0.0000000000000000     
  0.97002900000000014        0.0000000000000000     
  0.97102800000000011        0.0000000000000000     
  0.97202700000000009        0.0000000000000000     
  0.97302600000000006        0.0000000000000000     
  0.97402500000000014        0.0000000000000000     
  0.97502400000000011        0.0000000000000000     
  0.97602300000000008        0.0000000000000000     
  0.97702200000000006        0.0000000000000000     
  0.97802100000000014        0.0000000000000000     
  0.97902000000000011        0.0000000000000000     
  0.98001900000000008        0.0000000000000000     
  0.98101800000000006        0.0000000000000000     
  0.98201700000000014        0.0000000000000000     
  0.98301600000000011        0.0000000000000000     
  0.98401500000000008        0.0000000000000000     
  0.98501400000000006        0.0000000000000000     
  0.98601300000000014        0.0000000000000000     
  0.98701200000000011        0.0000000000000000     
  0.98801100000000008        0.0000000000000000     
  0.98901000000000006        0.0000000000000000     
  0.99000900000000014        0.0000000000000000     
  0.99100800000000011        0.0000000000000000     
  0.99200700000000008        0.0000000000000000     
  0.99300600000000006        0.0000000000000000     
  0.99400500000000014        0.0000000000000000     
  0.99500400000000011        0.0000000000000000     
  0.99600300000000008        0.0000000000000000     
  0.99700200000000005        0.0000000000000000     
  0.99800100000000014        0.0000000000000000     
  0.99900000000000011        0.0000000000000000     
