   9.9900000000000010E-004  -2.8424411815193514E-086
   1.9980000000000002E-003  -1.8713099842092732E-045
   2.9970000000000005E-003  -7.5813840622308779E-032
   3.9960000000000004E-003  -4.8374836332507014E-025
   4.9950000000000003E-003  -5.8665545579550160E-021
   5.9940000000000011E-003  -3.1015657178926662E-018
   6.9930000000000010E-003  -2.7371751888102599E-016
   7.9920000000000008E-003  -7.8902872462233714E-015
   8.9910000000000007E-003  -1.0787508459959367E-013
   9.9900000000000006E-003  -8.7492215312336745E-013
   1.0989000000000001E-002  -4.8537865539832273E-012
   1.1988000000000002E-002  -2.0252737439882515E-011
   1.2987000000000002E-002  -6.7876850203886831E-011
   1.3986000000000002E-002  -1.9150605661827234E-010
   1.4985000000000002E-002  -4.7077944286330853E-010
   1.5984000000000002E-002  -1.0347611509158521E-009
   1.6983000000000002E-002  -2.0740798535206460E-009
   1.7982000000000001E-002  -3.8498439351149474E-009
   1.8981000000000001E-002  -6.6982068866440933E-009
   1.9980000000000001E-002  -1.1030220755752841E-008
   2.0979000000000001E-002  -1.7327271039006417E-008
   2.1978000000000001E-002  -2.6132837733514770E-008
   2.2977000000000001E-002  -3.8041561026532791E-008
   2.3976000000000004E-002  -5.3686641721319147E-008
   2.4975000000000004E-002  -7.3726530162737632E-008
   2.5974000000000004E-002  -9.8831706656173065E-008
   2.6973000000000004E-002  -1.2967217449325063E-007
   2.7972000000000004E-002  -1.6690610411969788E-007
   2.8971000000000004E-002  -2.1116990223848635E-007
   2.9970000000000004E-002  -2.6306984196213302E-007
   3.0969000000000003E-002  -3.2317528225843277E-007
   3.1968000000000003E-002  -3.9201342558148940E-007
   3.2967000000000003E-002  -4.7006550827183133E-007
   3.3966000000000003E-002  -5.5776428468046817E-007
   3.4965000000000003E-002  -6.5549264856229702E-007
   3.5964000000000003E-002  -7.6358323001022541E-007
   3.6963000000000003E-002  -8.8231880955680616E-007
   3.7962000000000003E-002  -1.0119334001989213E-006
   3.8961000000000003E-002  -1.1526138607694846E-006
   3.9960000000000002E-002  -1.3045019186015867E-006
   4.0959000000000002E-002  -1.4676964945855491E-006
   4.1958000000000002E-002  -1.6422562386574208E-006
   4.2957000000000002E-002  -1.8282021979195755E-006
   4.3956000000000002E-002  -2.0255205526449672E-006
   4.4955000000000002E-002  -2.2341653671693672E-006
   4.5954000000000002E-002  -2.4540613130834752E-006
   4.6953000000000002E-002  -2.6851063311889512E-006
   4.7952000000000009E-002  -2.9271742064775232E-006
   4.8951000000000008E-002  -3.1801170369892813E-006
   4.9950000000000008E-002  -3.4437675829536976E-006
   5.0949000000000008E-002  -3.7179414872019164E-006
   5.1948000000000008E-002  -4.0024393616009182E-006
   5.2947000000000008E-002  -4.2970487372932045E-006
   5.3946000000000008E-002  -4.6015458789492466E-006
   5.4945000000000008E-002  -4.9156974651266719E-006
   5.5944000000000008E-002  -5.2392621382896121E-006
   5.6943000000000007E-002  -5.5719919291235440E-006
   5.7942000000000007E-002  -5.9136335605521632E-006
   5.8941000000000007E-002  -6.2639296374074221E-006
   5.9940000000000007E-002  -6.6226197280199412E-006
   6.0939000000000007E-002  -6.9894413441696933E-006
   6.1938000000000007E-002  -7.3641308258646019E-006
   6.2937000000000007E-002  -7.7464241373692164E-006
   6.3936000000000007E-002  -8.1360575807421777E-006
   6.4935000000000007E-002  -8.5327684329629305E-006
   6.5934000000000006E-002  -8.9362955124788677E-006
   6.6933000000000006E-002  -9.3463796807310690E-006
   6.7932000000000006E-002  -9.7627642839492682E-006
   6.8931000000000006E-002  -1.0185195540177076E-005
   6.9930000000000006E-002  -1.0613422876220772E-005
   7.0929000000000006E-002  -1.1047199218897073E-005
   7.1928000000000006E-002  -1.1486281244652933E-005
   7.2927000000000006E-002  -1.1930429591375364E-005
   7.3926000000000006E-002  -1.2379409035897138E-005
   7.4925000000000005E-002  -1.2832988640469139E-005
   7.5924000000000005E-002  -1.3290941871197153E-005
   7.6923000000000005E-002  -1.3753046691233987E-005
   7.7922000000000005E-002  -1.4219085631260292E-005
   7.8921000000000005E-002  -1.4688845839592665E-005
   7.9920000000000005E-002  -1.5162119114085343E-005
   8.0919000000000005E-002  -1.5638701917771290E-005
   8.1918000000000005E-002  -1.6118395380028197E-005
   8.2917000000000005E-002  -1.6601005284937268E-005
   8.3916000000000004E-002  -1.7086342048281526E-005
   8.4915000000000004E-002  -1.7574220684600353E-005
   8.5914000000000004E-002  -1.8064460765458301E-005
   8.6913000000000004E-002  -1.8556886370122776E-005
   8.7912000000000004E-002  -1.9051326029597536E-005
   8.8911000000000004E-002  -1.9547612664999291E-005
   8.9910000000000004E-002  -2.0045583521030169E-005
   9.0909000000000004E-002  -2.0545080095364041E-005
   9.1908000000000004E-002  -2.1045948064575236E-005
   9.2907000000000003E-002  -2.1548037207248951E-005
   9.3906000000000003E-002  -2.2051201324782948E-005
   9.4905000000000003E-002  -2.2555298160407087E-005
   9.5904000000000017E-002  -2.3060189316841344E-005
   9.6903000000000017E-002  -2.3565740172971910E-005
   9.7902000000000017E-002  -2.4071819799915145E-005
   9.8901000000000017E-002  -2.4578300876770307E-005
   9.9900000000000017E-002  -2.5085059606333969E-005
  0.10089900000000002       -2.5591975631012630E-005
  0.10189800000000002       -2.6098931949166933E-005
  0.10289700000000002       -2.6605814832060116E-005
  0.10389600000000002       -2.7112513741572132E-005
  0.10489500000000002       -2.7618921248838627E-005
  0.10589400000000002       -2.8124932953917135E-005
  0.10689300000000002       -2.8630447406603887E-005
  0.10789200000000002       -2.9135366028485663E-005
  0.10889100000000002       -2.9639593036295115E-005
  0.10989000000000002       -3.0143035366644569E-005
  0.11088900000000002       -3.0645602602185276E-005
  0.11188800000000002       -3.1147206899227770E-005
  0.11288700000000002       -3.1647762916874603E-005
  0.11388600000000001       -3.2147187747662390E-005
  0.11488500000000001       -3.2645400849744419E-005
  0.11588400000000001       -3.3142323980652943E-005
  0.11688300000000001       -3.3637881132574398E-005
  0.11788200000000001       -3.4131998469215696E-005
  0.11888100000000001       -3.4624604264205410E-005
  0.11988000000000001       -3.5115628841040436E-005
  0.12087900000000001       -3.5605004514574602E-005
  0.12187800000000001       -3.6092665533993787E-005
  0.12287700000000001       -3.6578548027328847E-005
  0.12387600000000001       -3.7062589947417278E-005
  0.12487500000000001       -3.7544731019332475E-005
  0.12587400000000001       -3.8024912689232615E-005
  0.12687300000000001       -3.8503078074640083E-005
  0.12787200000000001       -3.8979171916089370E-005
  0.12887100000000001       -3.9453140530107269E-005
  0.12987000000000001       -3.9924931763581241E-005
  0.13086900000000001       -4.0394494949341704E-005
  0.13186800000000001       -4.0861780863102512E-005
  0.13286700000000001       -4.1326741681568772E-005
  0.13386600000000001       -4.1789330941792263E-005
  0.13486500000000001       -4.2249503501709613E-005
  0.13586400000000001       -4.2707215501827486E-005
  0.13686300000000001       -4.3162424328025995E-005
  0.13786200000000001       -4.3615088575469498E-005
  0.13886100000000001       -4.4065168013556686E-005
  0.13986000000000001       -4.4512623551971969E-005
  0.14085900000000001       -4.4957417207657375E-005
  0.14185800000000001       -4.5399512072847650E-005
  0.14285700000000001       -4.5838872284008828E-005
  0.14385600000000001       -4.6275462991731772E-005
  0.14485500000000001       -4.6709250331529685E-005
  0.14585400000000001       -4.7140201395488156E-005
  0.14685300000000001       -4.7568284204794108E-005
  0.14785200000000001       -4.7993467683068541E-005
  0.14885100000000001       -4.8415721630538450E-005
  0.14985000000000001       -4.8835016698938987E-005
  0.15084900000000001       -4.9251324367207627E-005
  0.15184800000000001       -4.9664616917905335E-005
  0.15284700000000001       -5.0074867414338858E-005
  0.15384600000000001       -5.0482049678402263E-005
  0.15484500000000001       -5.0886138269036073E-005
  0.15584400000000001       -5.1287108461397407E-005
  0.15684300000000001       -5.1684936226608543E-005
  0.15784200000000001       -5.2079598212166706E-005
  0.15884100000000001       -5.2471071722892964E-005
  0.15984000000000001       -5.2859334702475611E-005
  0.16083900000000001       -5.3244365715623828E-005
  0.16183800000000001       -5.3626143930653892E-005
  0.16283700000000001       -5.4004649102699196E-005
  0.16383600000000001       -5.4379861557363371E-005
  0.16483500000000001       -5.4751762174902582E-005
  0.16583400000000001       -5.5120332374846369E-005
  0.16683300000000001       -5.5485554101130032E-005
  0.16783200000000001       -5.5847409807624680E-005
  0.16883100000000001       -5.6205882444128574E-005
  0.16983000000000001       -5.6560955442785890E-005
  0.17082900000000001       -5.6912612704858353E-005
  0.17182800000000001       -5.7260838587977254E-005
  0.17282700000000001       -5.7605617893705922E-005
  0.17382600000000001       -5.7946935855520517E-005
  0.17482500000000001       -5.8284778127079656E-005
  0.17582400000000001       -5.8619130770923775E-005
  0.17682300000000001       -5.8949980247497581E-005
  0.17782200000000001       -5.9277313404430346E-005
  0.17882100000000001       -5.9601117466206332E-005
  0.17982000000000001       -5.9921380024093937E-005
  0.18081900000000001       -6.0238089026452797E-005
  0.18181800000000001       -6.0551232769178989E-005
  0.18281700000000001       -6.0860799886600034E-005
  0.18381600000000001       -6.1166779342495259E-005
  0.18481500000000001       -6.1469160421504982E-005
  0.18581400000000001       -6.1767932720679195E-005
  0.18681300000000001       -6.2063086141375491E-005
  0.18781200000000001       -6.2354610881266558E-005
  0.18881100000000001       -6.2642497426761417E-005
  0.18981000000000001       -6.2926736545453223E-005
  0.19080900000000001       -6.3207319278924486E-005
  0.19180800000000003       -6.3484236935728420E-005
  0.19280700000000003       -6.3757481084526538E-005
  0.19380600000000003       -6.4027043547480145E-005
  0.19480500000000003       -6.4292916393812681E-005
  0.19580400000000003       -6.4555091933565789E-005
  0.19680300000000003       -6.4813562711537188E-005
  0.19780200000000003       -6.5068321501322385E-005
  0.19880100000000003       -6.5319361299718715E-005
  0.19980000000000003       -6.5566675321028809E-005
  0.20079900000000003       -6.5810256991751483E-005
  0.20179800000000003       -6.6050099945297501E-005
  0.20279700000000003       -6.6286198016924359E-005
  0.20379600000000003       -6.6518545238750676E-005
  0.20479500000000003       -6.6747135834972573E-005
  0.20579400000000003       -6.6971964217218309E-005
  0.20679300000000003       -6.7193024979944754E-005
  0.20779200000000003       -6.7410312896102684E-005
  0.20879100000000003       -6.7623822912797176E-005
  0.20979000000000003       -6.7833550147189969E-005
  0.21078900000000003       -6.8039489882389757E-005
  0.21178800000000003       -6.8241637563572370E-005
  0.21278700000000003       -6.8439988794153543E-005
  0.21378600000000003       -6.8634539332074220E-005
  0.21478500000000003       -6.8825285086191801E-005
  0.21578400000000003       -6.9012222112817135E-005
  0.21678300000000003       -6.9195346612242005E-005
  0.21778200000000003       -6.9374654925527496E-005
  0.21878100000000003       -6.9550143531190578E-005
  0.21978000000000003       -6.9721809042167738E-005
  0.22077900000000003       -6.9889648202719467E-005
  0.22177800000000003       -7.0053657885512359E-005
  0.22277700000000003       -7.0213835088744629E-005
  0.22377600000000003       -7.0370176933361007E-005
  0.22477500000000003       -7.0522680660347584E-005
  0.22577400000000003       -7.0671343628100422E-005
  0.22677300000000003       -7.0816163309836582E-005
  0.22777200000000003       -7.0957137291184177E-005
  0.22877100000000003       -7.1094263267678363E-005
  0.22977000000000003       -7.1227539042484125E-005
  0.23076900000000003       -7.1356962524058096E-005
  0.23176800000000003       -7.1482531723965183E-005
  0.23276700000000003       -7.1604244754731552E-005
  0.23376600000000003       -7.1722099827689926E-005
  0.23476500000000003       -7.1836095251009318E-005
  0.23576400000000003       -7.1946229427694174E-005
  0.23676300000000003       -7.2052500853632013E-005
  0.23776200000000003       -7.2154908115763997E-005
  0.23876100000000003       -7.2253449890248483E-005
  0.23976000000000003       -7.2348124940687969E-005
  0.24075900000000003       -7.2438932116431525E-005
  0.24175800000000003       -7.2525870350871751E-005
  0.24275700000000003       -7.2608938659879987E-005
  0.24375600000000003       -7.2688136140159007E-005
  0.24475500000000003       -7.2763461967807955E-005
  0.24575400000000003       -7.2834915396722467E-005
  0.24675300000000003       -7.2902495757251184E-005
  0.24775200000000003       -7.2966202454699766E-005
  0.24875100000000003       -7.3026034968074553E-005
  0.24975000000000003       -7.3081992848633617E-005
  0.25074900000000000       -7.3134075718716638E-005
  0.25174800000000003       -7.3182283270394722E-005
  0.25274700000000000       -7.3226615264345189E-005
  0.25374600000000003       -7.3267071528595223E-005
  0.25474500000000000       -7.3303651957424176E-005
  0.25574400000000003       -7.3336356510247326E-005
  0.25674300000000005       -7.3365185210505664E-005
  0.25774200000000003       -7.3390138144661224E-005
  0.25874100000000005       -7.3411215461140187E-005
  0.25974000000000003       -7.3428417369368927E-005
  0.26073900000000005       -7.3441744138800022E-005
  0.26173800000000003       -7.3451196098004939E-005
  0.26273700000000005       -7.3456773633747582E-005
  0.26373600000000003       -7.3458477190128016E-005
  0.26473500000000005       -7.3456307267701093E-005
  0.26573400000000003       -7.3450264422714664E-005
  0.26673300000000005       -7.3440349266227039E-005
  0.26773200000000003       -7.3426562463411158E-005
  0.26873100000000005       -7.3408904732739328E-005
  0.26973000000000003       -7.3387376845327086E-005
  0.27072900000000005       -7.3361979624179334E-005
  0.27172800000000003       -7.3332713943472940E-005
  0.27272700000000005       -7.3299580727992418E-005
  0.27372600000000002       -7.3262580952425168E-005
  0.27472500000000005       -7.3221715640743452E-005
  0.27572400000000002       -7.3176985865633736E-005
  0.27672300000000005       -7.3128392747877401E-005
  0.27772200000000002       -7.3075937455831496E-005
  0.27872100000000005       -7.3019621204864797E-005
  0.27972000000000002       -7.2959445256843186E-005
  0.28071900000000005       -7.2895410919599738E-005
  0.28171800000000002       -7.2827519546474038E-005
  0.28271700000000005       -7.2755772535829311E-005
  0.28371600000000002       -7.2680171330622272E-005
  0.28471500000000005       -7.2600717417895032E-005
  0.28571400000000002       -7.2517412328432666E-005
  0.28671300000000005       -7.2430257636327673E-005
  0.28771200000000002       -7.2339254958534482E-005
  0.28871100000000005       -7.2244405954608736E-005
  0.28971000000000002       -7.2145712326220383E-005
  0.29070900000000005       -7.2043175816864026E-005
  0.29170800000000002       -7.1936798211558466E-005
  0.29270700000000005       -7.1826581336425951E-005
  0.29370600000000002       -7.1712527058515152E-005
  0.29470500000000005       -7.1594637285360530E-005
  0.29570400000000002       -7.1472913964846144E-005
  0.29670300000000005       -7.1347359084815301E-005
  0.29770200000000002       -7.1217974672886921E-005
  0.29870100000000005       -7.1084762796159705E-005
  0.29970000000000002       -7.0947725561041475E-005
  0.30069900000000005       -7.0806865112973689E-005
  0.30169800000000002       -7.0662183636216011E-005
  0.30269700000000005       -7.0513683353689018E-005
  0.30369600000000002       -7.0361366526769357E-005
  0.30469500000000005       -7.0205235455074474E-005
  0.30569400000000002       -7.0045292476337797E-005
  0.30669300000000005       -6.9881539966261473E-005
  0.30769200000000002       -6.9713980338296938E-005
  0.30869100000000005       -6.9542616043589018E-005
  0.30969000000000002       -6.9367449570795415E-005
  0.31068900000000005       -6.9188483446005832E-005
  0.31168800000000002       -6.9005720232568200E-005
  0.31268700000000005       -6.8819162531061749E-005
  0.31368600000000002       -6.8628812979185742E-005
  0.31468500000000005       -6.8434674251640769E-005
  0.31568400000000002       -6.8236749060062975E-005
  0.31668300000000005       -6.8035040153010523E-005
  0.31768200000000002       -6.7829550315870704E-005
  0.31868100000000005       -6.7620282370769297E-005
  0.31968000000000002       -6.7407239176610809E-005
  0.32067900000000005       -6.7190423628978114E-005
  0.32167800000000002       -6.6969838660188241E-005
  0.32267700000000005       -6.6745487239123030E-005
  0.32367600000000002       -6.6517372371411958E-005
  0.32467500000000005       -6.6285497099307104E-005
  0.32567400000000002       -6.6049864501710565E-005
  0.32667300000000005       -6.5810477694191829E-005
  0.32767200000000002       -6.5567339828991449E-005
  0.32867100000000005       -6.5320454095147299E-005
  0.32967000000000002       -6.5069823718336294E-005
  0.33066900000000005       -6.4815451961110419E-005
  0.33166800000000002       -6.4557342122831000E-005
  0.33266700000000005       -6.4295497539763831E-005
  0.33366600000000002       -6.4029921585100096E-005
  0.33466500000000005       -6.3760617669108460E-005
  0.33566400000000002       -6.3487589239076000E-005
  0.33666300000000005       -6.3210839779555261E-005
  0.33766200000000002       -6.2930372812288049E-005
  0.33866100000000005       -6.2646191896431413E-005
  0.33966000000000002       -6.2358300628546947E-005
  0.34065900000000005       -6.2066702642782362E-005
  0.34165800000000002       -6.1771401610996712E-005
  0.34265700000000004       -6.1472401242761574E-005
  0.34365600000000002       -6.1169705285628534E-005
  0.34465500000000004       -6.0863317525157226E-005
  0.34565400000000002       -6.0553241785112176E-005
  0.34665300000000004       -6.0239481927535080E-005
  0.34765200000000002       -5.9922041852990007E-005
  0.34865100000000004       -5.9600925500637132E-005
  0.34965000000000002       -5.9276136848396316E-005
  0.35064900000000004       -5.8947679913150449E-005
  0.35164800000000002       -5.8615558750875077E-005
  0.35264700000000004       -5.8279777456862657E-005
  0.35364600000000002       -5.7940340165837742E-005
  0.35464500000000004       -5.7597251052182059E-005
  0.35564400000000002       -5.7250514330137795E-005
  0.35664300000000004       -5.6900134253978439E-005
  0.35764200000000002       -5.6546115118212885E-005
  0.35864100000000004       -5.6188461257780328E-005
  0.35964000000000002       -5.5827177048316111E-005
  0.36063900000000004       -5.5462266906335275E-005
  0.36163800000000001       -5.5093735289426828E-005
  0.36263700000000004       -5.4721586696512892E-005
  0.36363600000000001       -5.4345825668091239E-005
  0.36463500000000004       -5.3966456786469745E-005
  0.36563400000000001       -5.3583484675969530E-005
  0.36663300000000004       -5.3196914003253342E-005
  0.36763200000000001       -5.2806749477475282E-005
  0.36863100000000004       -5.2412995850653851E-005
  0.36963000000000001       -5.2015657917848730E-005
  0.37062900000000004       -5.1614740517456902E-005
  0.37162800000000001       -5.1210248531524143E-005
  0.37262700000000004       -5.0802186885951083E-005
  0.37362600000000001       -5.0390560550862845E-005
  0.37462500000000004       -4.9975374540813791E-005
  0.37562400000000001       -4.9556633915129967E-005
  0.37662300000000004       -4.9134343778270771E-005
  0.37762200000000001       -4.8708509279952928E-005
  0.37862100000000004       -4.8279135615654838E-005
  0.37962000000000001       -4.7846228026818980E-005
  0.38061900000000004       -4.7409791801231345E-005
  0.38161800000000001       -4.6969832273277345E-005
  0.38261700000000004       -4.6526354824334121E-005
  0.38361600000000007       -4.6079364883101439E-005
  0.38461500000000004       -4.5628867925890789E-005
  0.38561400000000007       -4.5174869477059258E-005
  0.38661300000000004       -4.4717375109238632E-005
  0.38761200000000007       -4.4256390443817608E-005
  0.38861100000000004       -4.3791921151212716E-005
  0.38961000000000007       -4.3323972951267498E-005
  0.39060900000000004       -4.2852551613635983E-005
  0.39160800000000007       -4.2377662958143946E-005
  0.39260700000000004       -4.1899312855153107E-005
  0.39360600000000007       -4.1417507226006598E-005
  0.39460500000000004       -4.0932252043309685E-005
  0.39560400000000007       -4.0443553331459217E-005
  0.39660300000000004       -3.9951417166973821E-005
  0.39760200000000007       -3.9455849678886041E-005
  0.39860100000000004       -3.8956857049214398E-005
  0.39960000000000007       -3.8454445513312149E-005
  0.40059900000000004       -3.7948621360357796E-005
  0.40159800000000007       -3.7439390933704725E-005
  0.40259700000000004       -3.6926760631440542E-005
  0.40359600000000007       -3.6410736906675172E-005
  0.40459500000000004       -3.5891326268096517E-005
  0.40559400000000007       -3.5368535280365630E-005
  0.40659300000000004       -3.4842370564592117E-005
  0.40759200000000007       -3.4312838798808487E-005
  0.40859100000000004       -3.3779946718432391E-005
  0.40959000000000007       -3.3243701116685102E-005
  0.41058900000000004       -3.2704108845130477E-005
  0.41158800000000006       -3.2161176814158583E-005
  0.41258700000000004       -3.1614911993436945E-005
  0.41358600000000006       -3.1065321412460139E-005
  0.41458500000000004       -3.0512412160965268E-005
  0.41558400000000006       -2.9956191389525399E-005
  0.41658300000000004       -2.9396666310004043E-005
  0.41758200000000006       -2.8833844196116136E-005
  0.41858100000000004       -2.8267732383913222E-005
  0.41958000000000006       -2.7698338272348675E-005
  0.42057900000000004       -2.7125669323761328E-005
  0.42157800000000006       -2.6549733064484450E-005
  0.42257700000000004       -2.5970537085329712E-005
  0.42357600000000006       -2.5388089042202578E-005
  0.42457500000000004       -2.4802396656646274E-005
  0.42557400000000006       -2.4213467716342615E-005
  0.42657300000000004       -2.3621310075729927E-005
  0.42757200000000006       -2.3025931656650262E-005
  0.42857100000000004       -2.2427340448823034E-005
  0.42957000000000006       -2.1825544510484247E-005
  0.43056900000000004       -2.1220551968994298E-005
  0.43156800000000006       -2.0612371021437682E-005
  0.43256700000000003       -2.0001009935198501E-005
  0.43356600000000006       -1.9386477048639063E-005
  0.43456500000000003       -1.8768780771680294E-005
  0.43556400000000006       -1.8147929586427227E-005
  0.43656300000000003       -1.7523932047837159E-005
  0.43756200000000006       -1.6896796784324658E-005
  0.43856100000000003       -1.6266532498474947E-005
  0.43956000000000006       -1.5633147967619444E-005
  0.44055900000000003       -1.4996652044583613E-005
  0.44155800000000006       -1.4357053658278829E-005
  0.44255700000000003       -1.3714361814416575E-005
  0.44355600000000006       -1.3068585596245983E-005
  0.44455500000000003       -1.2419734165122833E-005
  0.44555400000000006       -1.1767816761364817E-005
  0.44655300000000003       -1.1112842704801666E-005
  0.44755200000000006       -1.0454821395649491E-005
  0.44855100000000003       -9.7937623150279757E-006
  0.44955000000000006       -9.1296750259354695E-006
  0.45054900000000003       -8.4625691737650952E-006
  0.45154800000000006       -7.7924544872049160E-006
  0.45254700000000003       -7.1193407789218472E-006
  0.45354600000000006       -6.4432379463122585E-006
  0.45454500000000003       -5.7641559722786719E-006
  0.45554400000000006       -5.0821049260403851E-006
  0.45654300000000003       -4.3970949639003158E-006
  0.45754200000000006       -3.7091363299795840E-006
  0.45854100000000003       -3.0182393570873893E-006
  0.45954000000000006       -2.3244144675535511E-006
  0.46053900000000003       -1.6276721739011288E-006
  0.46153800000000006       -9.2802307989177304E-007
  0.46253700000000003       -2.2547788110683875E-007
  0.46353600000000006        4.7995263397962947E-007
  0.46453500000000003        1.1882575833389183E-006
  0.46553400000000006        1.8994259903722225E-006
  0.46653300000000003        2.6134467831472006E-006
  0.46753200000000006        3.3303087934987374E-006
  0.46853100000000003        4.0500007561322015E-006
  0.46953000000000006        4.7725113076907140E-006
  0.47052900000000003        5.4978289860063968E-006
  0.47152800000000006        6.2259422289508159E-006
  0.47252700000000003        6.9568393736627910E-006
  0.47352600000000006        7.6905086556854149E-006
  0.47452500000000003        8.4269382078143018E-006
  0.47552400000000006        9.1661160593458581E-006
  0.47652300000000003        9.9080301350376832E-006
  0.47752200000000006        1.0652668254096741E-005
  0.47852100000000003        1.1400018129254372E-005
  0.47952000000000006        1.2150067365822268E-005
  0.48051900000000003        1.2902803460584224E-005
  0.48151800000000006        1.3658213800895625E-005
  0.48251700000000003        1.4416285663559836E-005
  0.48351600000000006        1.5177006213907849E-005
  0.48451500000000003        1.5940362504649301E-005
  0.48551400000000006        1.6706341474930112E-005
  0.48651300000000003        1.7474929949200605E-005
  0.48751200000000006        1.8246114636163519E-005
  0.48851100000000003        1.9019882127698834E-005
  0.48951000000000006        1.9796218897785296E-005
  0.49050900000000003        2.0575111301322917E-005
  0.49150800000000006        2.1356545573170720E-005
  0.49250700000000003        2.2140507826810800E-005
  0.49350600000000006        2.2926984053417772E-005
  0.49450500000000003        2.3715960120586685E-005
  0.49550400000000006        2.4507421771213337E-005
  0.49650300000000003        2.5301354622279394E-005
  0.49750200000000006        2.6097744163794128E-005
  0.49850100000000003        2.6896575757423232E-005
  0.49950000000000006        2.7697834635397162E-005
  0.50049900000000003        2.8501505899295339E-005
  0.50149800000000000        2.9307574518766056E-005
  0.50249700000000008        3.0116025330298444E-005
  0.50349600000000005        3.0926843035985417E-005
  0.50449500000000003        3.1740012202234805E-005
  0.50549400000000000        3.2555517258518667E-005
  0.50649300000000008        3.3373342496009195E-005
  0.50749200000000005        3.4193472066377839E-005
  0.50849100000000003        3.5015889980376941E-005
  0.50949000000000000        3.5840580106586556E-005
  0.51048900000000008        3.6667526170009506E-005
  0.51148800000000005        3.7496711750725782E-005
  0.51248700000000003        3.8328120282578260E-005
  0.51348600000000011        3.9161735051674394E-005
  0.51448500000000008        3.9997539195102064E-005
  0.51548400000000005        4.0835515699418537E-005
  0.51648300000000003        4.1675647399319934E-005
  0.51748200000000011        4.2517916976097992E-005
  0.51848100000000008        4.3362306956244632E-005
  0.51948000000000005        4.4208799710001644E-005
  0.52047900000000002        4.5057377449802281E-005
  0.52147800000000011        4.5908022228841640E-005
  0.52247700000000008        4.6760715939492335E-005
  0.52347600000000005        4.7615440311837722E-005
  0.52447500000000002        4.8472176912119272E-005
  0.52547400000000011        4.9330907141128386E-005
  0.52647300000000008        5.0191612232669720E-005
  0.52747200000000005        5.1054273251985691E-005
  0.52847100000000002        5.1918871094084241E-005
  0.52947000000000011        5.2785386482182517E-005
  0.53046900000000008        5.3653799966041112E-005
  0.53146800000000005        5.4524091920279028E-005
  0.53246700000000002        5.5396242542773025E-005
  0.53346600000000011        5.6270231852918715E-005
  0.53446500000000008        5.7146039689904695E-005
  0.53546400000000005        5.8023645711060992E-005
  0.53646300000000002        5.8903029390047303E-005
  0.53746200000000011        5.9784170015155236E-005
  0.53846100000000008        6.0667046687519140E-005
  0.53946000000000005        6.1551638319278206E-005
  0.54045900000000002        6.2437923631837258E-005
  0.54145800000000011        6.3325881154020742E-005
  0.54245700000000008        6.4215489220201277E-005
  0.54345600000000005        6.5106725968449658E-005
  0.54445500000000002        6.5999569338695332E-005
  0.54545400000000011        6.6893997070779834E-005
  0.54645300000000008        6.7789986702544835E-005
  0.54745200000000005        6.8687515567906647E-005
  0.54845100000000002        6.9586560794952679E-005
  0.54945000000000010        7.0487099303823659E-005
  0.55044900000000008        7.1389107804903869E-005
  0.55144800000000005        7.2292562796682106E-005
  0.55244700000000002        7.3197440563771917E-005
  0.55344600000000010        7.4103717174841966E-005
  0.55444500000000008        7.5011368480537794E-005
  0.55544400000000005        7.5920370111417295E-005
  0.55644300000000002        7.6830697475831317E-005
  0.55744200000000010        7.7742325757775046E-005
  0.55844100000000008        7.8655229914724356E-005
  0.55944000000000005        7.9569384675542230E-005
  0.56043900000000002        8.0484764538169804E-005
  0.56143800000000010        8.1401343767485170E-005
  0.56243700000000008        8.2319096393048880E-005
  0.56343600000000005        8.3237996206874700E-005
  0.56443500000000002        8.4158016761057551E-005
  0.56543400000000010        8.5079131365593455E-005
  0.56643300000000008        8.6001313085975675E-005
  0.56743200000000005        8.6924534740854065E-005
  0.56843100000000002        8.7848768899701182E-005
  0.56943000000000010        8.8773987880429652E-005
  0.57042900000000007        8.9700163746894148E-005
  0.57142800000000005        9.0627268306559246E-005
  0.57242700000000002        9.1555273107974292E-005
  0.57342600000000010        9.2484149438316774E-005
  0.57442500000000007        9.3413868320885133E-005
  0.57542400000000005        9.4344400512546674E-005
  0.57642300000000002        9.5275716501204869E-005
  0.57742200000000010        9.6207786503261372E-005
  0.57842100000000007        9.7140580460895870E-005
  0.57942000000000005        9.8074068039590221E-005
  0.58041900000000002        9.9008218625356084E-005
  0.58141800000000010        9.9943001322108616E-005
  0.58241700000000007        1.0087838494900767E-004
  0.58341600000000005        1.0181433803762026E-004
  0.58441500000000002        1.0275082882929594E-004
  0.58541400000000010        1.0368782527233006E-004
  0.58641300000000007        1.0462529501915576E-004
  0.58741200000000005        1.0556320542352665E-004
  0.58841100000000002        1.0650152353766819E-004
  0.58941000000000010        1.0744021610942033E-004
  0.59040900000000007        1.0837924957927946E-004
  0.59140800000000004        1.0931859007752306E-004
  0.59240700000000002        1.1025820342120268E-004
  0.59340600000000010        1.1119805511123836E-004
  0.59440500000000007        1.1213811032929673E-004
  0.59540400000000004        1.1307833393482579E-004
  0.59640300000000002        1.1401869046198707E-004
  0.59740200000000010        1.1495914411655048E-004
  0.59840100000000007        1.1589965877274902E-004
  0.59940000000000004        1.1684019797019942E-004
  0.60039900000000002        1.1778072491066216E-004
  0.60139800000000010        1.1872120245483716E-004
  0.60239700000000007        1.1966159311919837E-004
  0.60339600000000004        1.2060185907268732E-004
  0.60439500000000002        1.2154196213338214E-004
  0.60539400000000010        1.2248186376531838E-004
  0.60639300000000007        1.2342152507499804E-004
  0.60739200000000004        1.2436090680807005E-004
  0.60839100000000002        1.2529996934598265E-004
  0.60939000000000010        1.2623867270247573E-004
  0.61038900000000007        1.2717697652015784E-004
  0.61138800000000004        1.2811484006703999E-004
  0.61238700000000001        1.2905222223295681E-004
  0.61338600000000010        1.2998908152607957E-004
  0.61438500000000007        1.3092537606930016E-004
  0.61538400000000004        1.3186106359670837E-004
  0.61638300000000001        1.3279610144981198E-004
  0.61738200000000010        1.3373044657399966E-004
  0.61838100000000007        1.3466405551480670E-004
  0.61938000000000004        1.3559688441421055E-004
  0.62037900000000001        1.3652888900681884E-004
  0.62137800000000010        1.3746002461617119E-004
  0.62237700000000007        1.3839024615087945E-004
  0.62337600000000004        1.3931950810079248E-004
  0.62437500000000001        1.4024776453315087E-004
  0.62537400000000010        1.4117496908864385E-004
  0.62637300000000007        1.4210107497754620E-004
  0.62737200000000004        1.4302603497567316E-004
  0.62837100000000001        1.4394980142051143E-004
  0.62937000000000010        1.4487232620707816E-004
  0.63036900000000007        1.4579356078395106E-004
  0.63136800000000004        1.4671345614920898E-004
  0.63236700000000001        1.4763196284623003E-004
  0.63336600000000010        1.4854903095968641E-004
  0.63436500000000007        1.4946461011131027E-004
  0.63536400000000004        1.5037864945569495E-004
  0.63636300000000001        1.5129109767611818E-004
  0.63736200000000010        1.5220190298027053E-004
  0.63836100000000007        1.5311101309600986E-004
  0.63936000000000004        1.5401837526697840E-004
  0.64035900000000012        1.5492393624839512E-004
  0.64135800000000009        1.5582764230260646E-004
  0.64235700000000007        1.5672943919475338E-004
  0.64335600000000004        1.5762927218829231E-004
  0.64435500000000012        1.5852708604065122E-004
  0.64535400000000009        1.5942282499871094E-004
  0.64635300000000007        1.6031643279429655E-004
  0.64735200000000004        1.6120785263969834E-004
  0.64835100000000012        1.6209702722315097E-004
  0.64935000000000009        1.6298389870423078E-004
  0.65034900000000007        1.6386840870924891E-004
  0.65134800000000004        1.6475049832670064E-004
  0.65234700000000012        1.6563010810259900E-004
  0.65334600000000009        1.6650717803578992E-004
  0.65434500000000007        1.6738164757330442E-004
  0.65534400000000004        1.6825345560567457E-004
  0.65634300000000012        1.6912254046219823E-004
  0.65734200000000009        1.6998883990611822E-004
  0.65834100000000007        1.7085229113001475E-004
  0.65934000000000004        1.7171283075085873E-004
  0.66033900000000012        1.7257039480536736E-004
  0.66133800000000009        1.7342491874509732E-004
  0.66233700000000006        1.7427633743157773E-004
  0.66333600000000004        1.7512458513158563E-004
  0.66433500000000012        1.7596959551219042E-004
  0.66533400000000009        1.7681130163591004E-004
  0.66633300000000006        1.7764963595581887E-004
  0.66733200000000004        1.7848453031064232E-004
  0.66833100000000012        1.7931591591985712E-004
  0.66933000000000009        1.8014372337878939E-004
  0.67032900000000006        1.8096788265367013E-004
  0.67132800000000004        1.8178832307667067E-004
  0.67232700000000012        1.8260497334105638E-004
  0.67332600000000009        1.8341776149615892E-004
  0.67432500000000006        1.8422661494245076E-004
  0.67532400000000004        1.8503146042666215E-004
  0.67632300000000012        1.8583222403673226E-004
  0.67732200000000009        1.8662883119695503E-004
  0.67832100000000006        1.8742120666305096E-004
  0.67932000000000003        1.8820927451712436E-004
  0.68031900000000012        1.8899295816289104E-004
  0.68131800000000009        1.8977218032061350E-004
  0.68231700000000006        1.9054686302234024E-004
  0.68331600000000003        1.9131692760692906E-004
  0.68431500000000012        1.9208229471517519E-004
  0.68531400000000009        1.9284288428502697E-004
  0.68631300000000006        1.9359861554667018E-004
  0.68731200000000003        1.9434940701775527E-004
  0.68831100000000012        1.9509517649865022E-004
  0.68931000000000009        1.9583584106759320E-004
  0.69030900000000006        1.9657131707604954E-004
  0.69130800000000003        1.9730152014398234E-004
  0.69230700000000012        1.9802636515520928E-004
  0.69330600000000009        1.9874576625278370E-004
  0.69430500000000006        1.9945963683440352E-004
  0.69530400000000003        2.0016788954791272E-004
  0.69630300000000012        2.0087043628681670E-004
  0.69730200000000009        2.0156718818583892E-004
  0.69830100000000006        2.0225805561659675E-004
  0.69930000000000003        2.0294294818324921E-004
  0.70029900000000012        2.0362177471826563E-004
  0.70129800000000009        2.0429444327827988E-004
  0.70229700000000006        2.0496086113994222E-004
  0.70329600000000003        2.0562093479596535E-004
  0.70429500000000012        2.0627456995111476E-004
  0.70529400000000009        2.0692167151837402E-004
  0.70629300000000006        2.0756214361520217E-004
  0.70729200000000003        2.0819588955984727E-004
  0.70829100000000011        2.0882281186778497E-004
  0.70929000000000009        2.0944281224825607E-004
  0.71028900000000006        2.1005579160090888E-004
  0.71128800000000003        2.1066165001263143E-004
  0.71228700000000011        2.1126028675433163E-004
  0.71328600000000009        2.1185160027810835E-004
  0.71428500000000006        2.1243548821429700E-004
  0.71528400000000003        2.1301184736883497E-004
  0.71628300000000011        2.1358057372070178E-004
  0.71728200000000009        2.1414156241955648E-004
  0.71828100000000006        2.1469470778347322E-004
  0.71928000000000003        2.1523990329696838E-004
  0.72027900000000011        2.1577704160904556E-004
  0.72127800000000009        2.1630601453159390E-004
  0.72227700000000006        2.1682671303786721E-004
  0.72327600000000003        2.1733902726121988E-004
  0.72427500000000011        2.1784284649404095E-004
  0.72527400000000009        2.1833805918694766E-004
  0.72627300000000006        2.1882455294812550E-004
  0.72727200000000003        2.1930221454303814E-004
  0.72827100000000011        2.1977092989426556E-004
  0.72927000000000008        2.2023058408169875E-004
  0.73026900000000006        2.2068106134296114E-004
  0.73126800000000003        2.2112224507413406E-004
  0.73226700000000011        2.2155401783078017E-004
  0.73326600000000008        2.2197626132924121E-004
  0.73426500000000006        2.2238885644836347E-004
  0.73526400000000003        2.2279168323141411E-004
  0.73626300000000011        2.2318462088845515E-004
  0.73726200000000008        2.2356754779904211E-004
  0.73826100000000006        2.2394034151529719E-004
  0.73926000000000003        2.2430287876538461E-004
  0.74025900000000011        2.2465503545738533E-004
  0.74125800000000008        2.2499668668359002E-004
  0.74225700000000006        2.2532770672525860E-004
  0.74325600000000003        2.2564796905776889E-004
  0.74425500000000011        2.2595734635634708E-004
  0.74525400000000008        2.2625571050217510E-004
  0.74625300000000006        2.2654293258904943E-004
  0.74725200000000003        2.2681888293062360E-004
  0.74825100000000011        2.2708343106809837E-004
  0.74925000000000008        2.2733644577854577E-004
  0.75024900000000005        2.2757779508380114E-004
  0.75124800000000003        2.2780734625996730E-004
  0.75224700000000011        2.2802496584752523E-004
  0.75324600000000008        2.2823051966216812E-004
  0.75424500000000005        2.2842387280620793E-004
  0.75524400000000003        2.2860488968078437E-004
  0.75624300000000011        2.2877343399874841E-004
  0.75724200000000008        2.2892936879825111E-004
  0.75824100000000005        2.2907255645727699E-004
  0.75924000000000003        2.2920285870875026E-004
  0.76023900000000011        2.2932013665668383E-004
  0.76123800000000008        2.2942425079304076E-004
  0.76223700000000005        2.2951506101560919E-004
  0.76323600000000003        2.2959242664669164E-004
  0.76423500000000011        2.2965620645282837E-004
  0.76523400000000008        2.2970625866548992E-004
  0.76623300000000005        2.2974244100274708E-004
  0.76723200000000014        2.2976461069203644E-004
  0.76823100000000011        2.2977262449407027E-004
  0.76923000000000008        2.2976633872773492E-004
  0.77022900000000005        2.2974560929630056E-004
  0.77122800000000014        2.2971029171475022E-004
  0.77222700000000011        2.2966024113838044E-004
  0.77322600000000008        2.2959531239267420E-004
  0.77422500000000005        2.2951536000453984E-004
  0.77522400000000014        2.2942023823488501E-004
  0.77622300000000011        2.2930980111261260E-004
  0.77722200000000008        2.2918390247011366E-004
  0.77822100000000005        2.2904239598022151E-004
  0.77922000000000013        2.2888513519474677E-004
  0.78021900000000011        2.2871197358465453E-004
  0.78121800000000008        2.2852276458187922E-004
  0.78221700000000005        2.2831736162280531E-004
  0.78321600000000013        2.2809561819358545E-004
  0.78421500000000011        2.2785738787730759E-004
  0.78521400000000008        2.2760252440289777E-004
  0.78621300000000005        2.2733088169616758E-004
  0.78721200000000013        2.2704231393268746E-004
  0.78821100000000011        2.2673667559284534E-004
  0.78921000000000008        2.2641382151894371E-004
  0.79020900000000005        2.2607360697455775E-004
  0.79120800000000013        2.2571588770611180E-004
  0.79220700000000011        2.2534052000681472E-004
  0.79320600000000008        2.2494736078296218E-004
  0.79420500000000005        2.2453626762273293E-004
  0.79520400000000013        2.2410709886753634E-004
  0.79620300000000011        2.2365971368595359E-004
  0.79720200000000008        2.2319397215038992E-004
  0.79820100000000005        2.2270973531652590E-004
  0.79920000000000013        2.2220686530559965E-004
  0.80019900000000010        2.2168522538963892E-004
  0.80119800000000008        2.2114468007972547E-004
  0.80219700000000005        2.2058509521735134E-004
  0.80319600000000013        2.2000633806902540E-004
  0.80419500000000010        2.1940827742411031E-004
  0.80519400000000008        2.1879078369608972E-004
  0.80619300000000005        2.1815372902728424E-004
  0.80719200000000013        2.1749698739715958E-004
  0.80819100000000010        2.1682043473429235E-004
  0.80919000000000008        2.1612394903211784E-004
  0.81018900000000005        2.1540741046852365E-004
  0.81118800000000013        2.1467070152945524E-004
  0.81218700000000010        2.1391370713657083E-004
  0.81318600000000008        2.1313631477906664E-004
  0.81418500000000005        2.1233841464984054E-004
  0.81518400000000013        2.1151989978599370E-004
  0.81618300000000010        2.1068066621388566E-004
  0.81718200000000007        2.0982061309879929E-004
  0.81818100000000005        2.0893964289930199E-004
  0.81918000000000013        2.0803766152651068E-004
  0.82017900000000010        2.0711457850827375E-004
  0.82117800000000007        2.0617030715841306E-004
  0.82217700000000005        2.0520476475121733E-004
  0.82317600000000013        2.0421787270116063E-004
  0.82417500000000010        2.0320955674808566E-004
  0.82517400000000007        2.0217974714793147E-004
  0.82617300000000005        2.0112837886906588E-004
  0.82717200000000013        2.0005539179442547E-004
  0.82817100000000010        1.9896073092950917E-004
  0.82917000000000007        1.9784434661636099E-004
  0.83016900000000005        1.9670619475367168E-004
  0.83116800000000013        1.9554623702306256E-004
  0.83216700000000010        1.9436444112173225E-004
  0.83316600000000007        1.9316078100144971E-004
  0.83416500000000005        1.9193523711413227E-004
  0.83516400000000013        1.9068779666402092E-004
  0.83616300000000010        1.8941845386653762E-004
  0.83716200000000007        1.8812721021397102E-004
  0.83816100000000004        1.8681407474802880E-004
  0.83916000000000013        1.8547906433932467E-004
  0.84015900000000010        1.8412220397390051E-004
  0.84115800000000007        1.8274352704683900E-004
  0.84215700000000004        1.8134307566294977E-004
  0.84315600000000013        1.7992090094471686E-004
  0.84415500000000010        1.7847706334734204E-004
  0.84515400000000007        1.7701163298109454E-004
  0.84615300000000004        1.7552468994083884E-004
  0.84715200000000013        1.7401632464277659E-004
  0.84815100000000010        1.7248663816840252E-004
  0.84915000000000007        1.7093574261558086E-004
  0.85014900000000004        1.6936376145673503E-004
  0.85114800000000013        1.6777082990400668E-004
  0.85214700000000010        1.6615709528136459E-004
  0.85314600000000007        1.6452271740344970E-004
  0.85414500000000004        1.6286786896105914E-004
  0.85514400000000013        1.6119273591308218E-004
  0.85614300000000010        1.5949751788464899E-004
  0.85714200000000007        1.5778242857127716E-004
  0.85814100000000004        1.5604769614874128E-004
  0.85914000000000013        1.5429356368830657E-004
  0.86013900000000010        1.5252028957703651E-004
  0.86113800000000007        1.5072814794270904E-004
  0.86213700000000004        1.4891742908293673E-004
  0.86313600000000013        1.4708843989797864E-004
  0.86413500000000010        1.4524150432669954E-004
  0.86513400000000007        1.4337696378505674E-004
  0.86613300000000004        1.4149517760646193E-004
  0.86713200000000012        1.3959652348327287E-004
  0.86813100000000010        1.3768139790861216E-004
  0.86913000000000007        1.3575021661764157E-004
  0.87012900000000004        1.3380341502732860E-004
  0.87112800000000012        1.3184144867366119E-004
  0.87212700000000010        1.2986479364520190E-004
  0.87312600000000007        1.2787394701171731E-004
  0.87412500000000004        1.2586942724660626E-004
  0.87512400000000012        1.2385177464165010E-004
  0.87612300000000010        1.2182155171258452E-004
  0.87712200000000007        1.1977934359379544E-004
  0.87812100000000004        1.1772575842037875E-004
  0.87912000000000012        1.1566142769562625E-004
  0.88011900000000010        1.1358700664190954E-004
  0.88111800000000007        1.1150317453272868E-004
  0.88211700000000004        1.0941063500359983E-004
  0.88311600000000012        1.0731011633924965E-004
  0.88411500000000010        1.0520237173445377E-004
  0.88511400000000007        1.0308817952565518E-004
  0.88611300000000004        1.0096834339034205E-004
  0.88711200000000012        9.8843692510943896E-005
  0.88811100000000009        9.6715081699859590E-005
  0.88911000000000007        9.4583391481972693E-005
  0.89010900000000004        9.2449528130858499E-005
  0.89110800000000012        9.0314423654624216E-005
  0.89210700000000009        8.8179035727149941E-005
  0.89310600000000007        8.6044347560243896E-005
  0.89410500000000004        8.3911367712019826E-005
  0.89510400000000012        8.1781129826576866E-005
  0.89610300000000009        7.9654692299819556E-005
  0.89710200000000007        7.7533137866050124E-005
  0.89810100000000015        7.5417573099725824E-005
  0.89910000000000012        7.3309127826568800E-005
  0.90009900000000009        7.1208954437983820E-005
  0.90109800000000007        6.9118227102569278E-005
  0.90209700000000015        6.7038140868283188E-005
  0.90309600000000012        6.4969910648690740E-005
  0.90409500000000009        6.2914770086534594E-005
  0.90509400000000007        6.0873970287777274E-005
  0.90609300000000015        5.8848778419154130E-005
  0.90709200000000012        5.6840476162220565E-005
  0.90809100000000009        5.4850358016871654E-005
  0.90909000000000006        5.2879729447346811E-005
  0.91008900000000015        5.0929904863824955E-005
  0.91108800000000012        4.9002205432891031E-005
  0.91208700000000009        4.7097956710379599E-005
  0.91308600000000006        4.5218486090451080E-005
  0.91408500000000015        4.3365120065161564E-005
  0.91508400000000012        4.1539181289350045E-005
  0.91608300000000009        3.9741985446308327E-005
  0.91708200000000006        3.7974837910526919E-005
  0.91808100000000015        3.6239030204748082E-005
  0.91908000000000012        3.4535836249701356E-005
  0.92007900000000009        3.2866508406204065E-005
  0.92107800000000006        3.1232273310840819E-005
  0.92207700000000015        2.9634327508171825E-005
  0.92307600000000012        2.8073832884417132E-005
  0.92407500000000009        2.6551911909799653E-005
  0.92507400000000006        2.5069642699264617E-005
  0.92607300000000015        2.3628053904101741E-005
  0.92707200000000012        2.2228119450130202E-005
  0.92807100000000009        2.0870753141551557E-005
  0.92907000000000006        1.9556803153358971E-005
  0.93006900000000015        1.8287046439308317E-005
  0.93106800000000012        1.7062183086912039E-005
  0.93206700000000009        1.5882830655700786E-005
  0.93306600000000006        1.4749518540103233E-005
  0.93406500000000015        1.3662682403676215E-005
  0.93506400000000012        1.2622658737066191E-005
  0.93606300000000009        1.1629679597911674E-005
  0.93706200000000006        1.0683867596869892E-005
  0.93806100000000014        9.7852311999397103E-006
  0.93906000000000012        8.9336604231821610E-006
  0.94005900000000009        8.1289230016302324E-006
  0.94105800000000006        7.3706611194946347E-006
  0.94205700000000014        6.6583887934804650E-006
  0.94305600000000012        5.9914900049136969E-006
  0.94405500000000009        5.3692176791473385E-006
  0.94505400000000006        4.7906936120725177E-006
  0.94605300000000014        4.2549094431385561E-006
  0.94705200000000012        3.7607287717104185E-006
  0.94805100000000009        3.3068905084406142E-006
  0.94905000000000006        2.8920135451693997E-006
  0.95004900000000014        2.5146028152373075E-006
  0.95104800000000012        2.1730568005620169E-006
  0.95204700000000009        1.8656765219778545E-006
  0.95304600000000006        1.5906760248138853E-006
  0.95404500000000014        1.3461943422359012E-006
  0.95504400000000012        1.1303088843943777E-006
  0.95604300000000009        9.4105016198958989E-007
  0.95704200000000006        7.7641770884325588E-007
  0.95804100000000014        6.3439702013263361E-007
  0.95904000000000011        5.1297727218881437E-007
  0.96003900000000009        4.1016953774377951E-007
  0.96103800000000006        3.2402515932610418E-007
  0.96203700000000014        2.5265389581664243E-007
  0.96303600000000011        1.9424141622684807E-007
  0.96403500000000009        1.4706568432167343E-007
  0.96503400000000006        1.0951176195371155E-007
  0.96603300000000014        8.0084562271749403E-008
  0.96703200000000011        5.7419110544378223E-008
  0.96803100000000009        4.0287923827904914E-008
  0.96903000000000006        2.7605203553131510E-008
  0.97002900000000014        1.8427647870449009E-008
  0.97102800000000011        1.1951831207528233E-008
  0.97202700000000009        7.5082615459436055E-009
  0.97302600000000006        4.5524021384589792E-009
  0.97402500000000014        2.6531205007259790E-009
  0.97502400000000011        1.4791867500010103E-009
  0.97602300000000008        7.8456678937206950E-010
  0.97702200000000006        3.9332466059403357E-010
  0.97802100000000014        1.8494724102133994E-010
  0.97902000000000011        8.0825247080014870E-011
  0.98001900000000008        3.2470111037111049E-011
  0.98101800000000006        1.1832955199435134E-011
  0.98201700000000014        3.8488734770684224E-012
  0.98301600000000011        1.0952459807397068E-012
  0.98401500000000008        2.6592996067025239E-013
  0.98501400000000006        5.3376812331717483E-014
  0.98601300000000014        8.5035866682304631E-015
  0.98701200000000011        1.0195927806458715E-015
  0.98801100000000008        8.5714674727798430E-017
  0.98901000000000006        4.5871415299215918E-018
  0.99000900000000014        1.3651484786493684E-019
  0.99100800000000011        1.8585816011545783E-021
  0.99200700000000008        8.6372214930695777E-024
  0.99300600000000006        8.6478702359788252E-027
  0.99400500000000014        8.6634379431368721E-031
  0.99500400000000011        2.1833801833054320E-036
  0.99600300000000008        8.7521167822496602E-045
  0.99700200000000005        8.8953181974716877E-059
  0.99800100000000014        9.3450822782595058E-087
  0.99900000000000011        1.2344184386919991E-170
