   9.9900000000000010E-004  -5.6848823630387027E-086
   1.9980000000000002E-003  -3.7426199684185465E-045
   2.9970000000000005E-003  -1.5162768124461756E-031
   3.9960000000000004E-003  -9.6749672665014028E-025
   4.9950000000000003E-003  -1.1733109115910032E-020
   5.9940000000000011E-003  -6.2031314357853324E-018
   6.9930000000000010E-003  -5.4743503776205198E-016
   7.9920000000000008E-003  -1.5780574492446743E-014
   8.9910000000000007E-003  -2.1575016919918733E-013
   9.9900000000000006E-003  -1.7498443062467349E-012
   1.0989000000000001E-002  -9.7075731079664547E-012
   1.1988000000000002E-002  -4.0505474879765029E-011
   1.2987000000000002E-002  -1.3575370040777366E-010
   1.3986000000000002E-002  -3.8301211323654468E-010
   1.4985000000000002E-002  -9.4155888572661706E-010
   1.5984000000000002E-002  -2.0695223018317042E-009
   1.6983000000000002E-002  -4.1481597070412920E-009
   1.7982000000000001E-002  -7.6996878702298947E-009
   1.8981000000000001E-002  -1.3396413773288187E-008
   1.9980000000000001E-002  -2.2060441511505682E-008
   2.0979000000000001E-002  -3.4654542078012834E-008
   2.1978000000000001E-002  -5.2265675467029541E-008
   2.2977000000000001E-002  -7.6083122053065581E-008
   2.3976000000000004E-002  -1.0737328344263829E-007
   2.4975000000000004E-002  -1.4745306032547526E-007
   2.5974000000000004E-002  -1.9766341331234613E-007
   2.6973000000000004E-002  -2.5934434898650125E-007
   2.7972000000000004E-002  -3.3381220823939577E-007
   2.8971000000000004E-002  -4.2233980447697271E-007
   2.9970000000000004E-002  -5.2613968392426603E-007
   3.0969000000000003E-002  -6.4635056451686553E-007
   3.1968000000000003E-002  -7.8402685116297880E-007
   3.2967000000000003E-002  -9.4013101654366267E-007
   3.3966000000000003E-002  -1.1155285693609363E-006
   3.4965000000000003E-002  -1.3109852971245940E-006
   3.5964000000000003E-002  -1.5271664600204508E-006
   3.6963000000000003E-002  -1.7646376191136123E-006
   3.7962000000000003E-002  -2.0238668003978426E-006
   3.8961000000000003E-002  -2.3052277215389692E-006
   3.9960000000000002E-002  -2.6090038372031733E-006
   4.0959000000000002E-002  -2.9353929891710983E-006
   4.1958000000000002E-002  -3.2845124773148416E-006
   4.2957000000000002E-002  -3.6564043958391511E-006
   4.3956000000000002E-002  -4.0510411052899345E-006
   4.4955000000000002E-002  -4.4683307343387344E-006
   4.5954000000000002E-002  -4.9081226261669504E-006
   4.6953000000000002E-002  -5.3702126623779023E-006
   4.7952000000000009E-002  -5.8543484129550464E-006
   4.8951000000000008E-002  -6.3602340739785627E-006
   4.9950000000000008E-002  -6.8875351659073952E-006
   5.0949000000000008E-002  -7.4358829744038328E-006
   5.1948000000000008E-002  -8.0048787232018363E-006
   5.2947000000000008E-002  -8.5940974745864089E-006
   5.3946000000000008E-002  -9.2030917578984933E-006
   5.4945000000000008E-002  -9.8313949302533438E-006
   5.5944000000000008E-002  -1.0478524276579224E-005
   5.6943000000000007E-002  -1.1143983858247088E-005
   5.7942000000000007E-002  -1.1827267121104326E-005
   5.8941000000000007E-002  -1.2527859274814844E-005
   5.9940000000000007E-002  -1.3245239456039882E-005
   6.0939000000000007E-002  -1.3978882688339387E-005
   6.1938000000000007E-002  -1.4728261651729204E-005
   6.2937000000000007E-002  -1.5492848274738433E-005
   6.3936000000000007E-002  -1.6272115161484355E-005
   6.4935000000000007E-002  -1.7065536865925861E-005
   6.5934000000000006E-002  -1.7872591024957735E-005
   6.6933000000000006E-002  -1.8692759361462138E-005
   6.7932000000000006E-002  -1.9525528567898536E-005
   6.8931000000000006E-002  -2.0370391080354153E-005
   6.9930000000000006E-002  -2.1226845752441544E-005
   7.0929000000000006E-002  -2.2094398437794147E-005
   7.1928000000000006E-002  -2.2972562489305865E-005
   7.2927000000000006E-002  -2.3860859182750728E-005
   7.3926000000000006E-002  -2.4758818071794276E-005
   7.4925000000000005E-002  -2.5665977280938279E-005
   7.5924000000000005E-002  -2.6581883742394306E-005
   7.6923000000000005E-002  -2.7506093382467975E-005
   7.7922000000000005E-002  -2.8438171262520585E-005
   7.8921000000000005E-002  -2.9377691679185329E-005
   7.9920000000000005E-002  -3.0324238228170687E-005
   8.0919000000000005E-002  -3.1277403835542581E-005
   8.1918000000000005E-002  -3.2236790760056394E-005
   8.2917000000000005E-002  -3.3202010569874537E-005
   8.3916000000000004E-002  -3.4172684096563052E-005
   8.4915000000000004E-002  -3.5148441369200705E-005
   8.5914000000000004E-002  -3.6128921530916602E-005
   8.6913000000000004E-002  -3.7113772740245552E-005
   8.7912000000000004E-002  -3.8102652059195073E-005
   8.8911000000000004E-002  -3.9095225329998581E-005
   8.9910000000000004E-002  -4.0091167042060339E-005
   9.0909000000000004E-002  -4.1090160190728081E-005
   9.1908000000000004E-002  -4.2091896129150473E-005
   9.2907000000000003E-002  -4.3096074414497902E-005
   9.3906000000000003E-002  -4.4102402649565896E-005
   9.4905000000000003E-002  -4.5110596320814173E-005
   9.5904000000000017E-002  -4.6120378633682688E-005
   9.6903000000000017E-002  -4.7131480345943820E-005
   9.7902000000000017E-002  -4.8143639599830289E-005
   9.8901000000000017E-002  -4.9156601753540614E-005
   9.9900000000000017E-002  -5.0170119212667938E-005
  0.10089900000000002       -5.1183951262025261E-005
  0.10189800000000002       -5.2197863898333866E-005
  0.10289700000000002       -5.3211629664120231E-005
  0.10389600000000002       -5.4225027483144263E-005
  0.10489500000000002       -5.5237842497677254E-005
  0.10589400000000002       -5.6249865907834269E-005
  0.10689300000000002       -5.7260894813207774E-005
  0.10789200000000002       -5.8270732056971326E-005
  0.10889100000000002       -5.9279186072590231E-005
  0.10989000000000002       -6.0286070733289138E-005
  0.11088900000000002       -6.1291205204370552E-005
  0.11188800000000002       -6.2294413798455540E-005
  0.11288700000000002       -6.3295525833749206E-005
  0.11388600000000001       -6.4294375495324780E-005
  0.11488500000000001       -6.5290801699488838E-005
  0.11588400000000001       -6.6284647961305885E-005
  0.11688300000000001       -6.7275762265148797E-005
  0.11788200000000001       -6.8263996938431392E-005
  0.11888100000000001       -6.9249208528410821E-005
  0.11988000000000001       -7.0231257682080872E-005
  0.12087900000000001       -7.1210009029149205E-005
  0.12187800000000001       -7.2185331067987574E-005
  0.12287700000000001       -7.3157096054657695E-005
  0.12387600000000001       -7.4125179894834556E-005
  0.12487500000000001       -7.5089462038664949E-005
  0.12587400000000001       -7.6049825378465231E-005
  0.12687300000000001       -7.7006156149280166E-005
  0.12787200000000001       -7.7958343832178740E-005
  0.12887100000000001       -7.8906281060214537E-005
  0.12987000000000001       -7.9849863527162483E-005
  0.13086900000000001       -8.0788989898683409E-005
  0.13186800000000001       -8.1723561726205023E-005
  0.13286700000000001       -8.2653483363137544E-005
  0.13386600000000001       -8.3578661883584526E-005
  0.13486500000000001       -8.4499007003419226E-005
  0.13586400000000001       -8.5414431003654972E-005
  0.13686300000000001       -8.6324848656051990E-005
  0.13786200000000001       -8.7230177150938995E-005
  0.13886100000000001       -8.8130336027113373E-005
  0.13986000000000001       -8.9025247103943937E-005
  0.14085900000000001       -8.9914834415314750E-005
  0.14185800000000001       -9.0799024145695300E-005
  0.14285700000000001       -9.1677744568017657E-005
  0.14385600000000001       -9.2550925983463545E-005
  0.14485500000000001       -9.3418500663059370E-005
  0.14585400000000001       -9.4280402790976312E-005
  0.14685300000000001       -9.5136568409588215E-005
  0.14785200000000001       -9.5986935366137083E-005
  0.14885100000000001       -9.6831443261076900E-005
  0.14985000000000001       -9.7670033397877974E-005
  0.15084900000000001       -9.8502648734415254E-005
  0.15184800000000001       -9.9329233835810670E-005
  0.15284700000000001       -1.0014973482867772E-004
  0.15384600000000001       -1.0096409935680453E-004
  0.15484500000000001       -1.0177227653807215E-004
  0.15584400000000001       -1.0257421692279481E-004
  0.15684300000000001       -1.0336987245321709E-004
  0.15784200000000001       -1.0415919642433341E-004
  0.15884100000000001       -1.0494214344578593E-004
  0.15984000000000001       -1.0571866940495122E-004
  0.16083900000000001       -1.0648873143124766E-004
  0.16183800000000001       -1.0725228786130778E-004
  0.16283700000000001       -1.0800929820539839E-004
  0.16383600000000001       -1.0875972311472674E-004
  0.16483500000000001       -1.0950352434980516E-004
  0.16583400000000001       -1.1024066474969274E-004
  0.16683300000000001       -1.1097110820226006E-004
  0.16783200000000001       -1.1169481961524936E-004
  0.16883100000000001       -1.1241176488825715E-004
  0.16983000000000001       -1.1312191088557178E-004
  0.17082900000000001       -1.1382522540971671E-004
  0.17182800000000001       -1.1452167717595451E-004
  0.17282700000000001       -1.1521123578741184E-004
  0.17382600000000001       -1.1589387171104103E-004
  0.17482500000000001       -1.1656955625415931E-004
  0.17582400000000001       -1.1723826154184755E-004
  0.17682300000000001       -1.1789996049499516E-004
  0.17782200000000001       -1.1855462680886069E-004
  0.17882100000000001       -1.1920223493241266E-004
  0.17982000000000001       -1.1984276004818787E-004
  0.18081900000000001       -1.2047617805290559E-004
  0.18181800000000001       -1.2110246553835798E-004
  0.18281700000000001       -1.2172159977320007E-004
  0.18381600000000001       -1.2233355868499052E-004
  0.18481500000000001       -1.2293832084300996E-004
  0.18581400000000001       -1.2353586544135839E-004
  0.18681300000000001       -1.2412617228275098E-004
  0.18781200000000001       -1.2470922176253312E-004
  0.18881100000000001       -1.2528499485352283E-004
  0.18981000000000001       -1.2585347309090645E-004
  0.19080900000000001       -1.2641463855784897E-004
  0.19180800000000003       -1.2696847387145684E-004
  0.19280700000000003       -1.2751496216905308E-004
  0.19380600000000003       -1.2805408709496029E-004
  0.19480500000000003       -1.2858583278762536E-004
  0.19580400000000003       -1.2911018386713158E-004
  0.19680300000000003       -1.2962712542307438E-004
  0.19780200000000003       -1.3013664300264477E-004
  0.19880100000000003       -1.3063872259943743E-004
  0.19980000000000003       -1.3113335064205762E-004
  0.20079900000000003       -1.3162051398350297E-004
  0.20179800000000003       -1.3210019989059500E-004
  0.20279700000000003       -1.3257239603384872E-004
  0.20379600000000003       -1.3303709047750135E-004
  0.20479500000000003       -1.3349427166994515E-004
  0.20579400000000003       -1.3394392843443662E-004
  0.20679300000000003       -1.3438604995988951E-004
  0.20779200000000003       -1.3482062579220537E-004
  0.20879100000000003       -1.3524764582559435E-004
  0.20979000000000003       -1.3566710029437994E-004
  0.21078900000000003       -1.3607897976477951E-004
  0.21178800000000003       -1.3648327512714474E-004
  0.21278700000000003       -1.3687997758830709E-004
  0.21378600000000003       -1.3726907866414844E-004
  0.21478500000000003       -1.3765057017238360E-004
  0.21578400000000003       -1.3802444422563427E-004
  0.21678300000000003       -1.3839069322448401E-004
  0.21778200000000003       -1.3874930985105499E-004
  0.21878100000000003       -1.3910028706238116E-004
  0.21978000000000003       -1.3944361808433548E-004
  0.22077900000000003       -1.3977929640543893E-004
  0.22177800000000003       -1.4010731577102472E-004
  0.22277700000000003       -1.4042767017748926E-004
  0.22377600000000003       -1.4074035386672201E-004
  0.22477500000000003       -1.4104536132069517E-004
  0.22577400000000003       -1.4134268725620084E-004
  0.22677300000000003       -1.4163232661967316E-004
  0.22777200000000003       -1.4191427458236835E-004
  0.22877100000000003       -1.4218852653535673E-004
  0.22977000000000003       -1.4245507808496825E-004
  0.23076900000000003       -1.4271392504811619E-004
  0.23176800000000003       -1.4296506344793037E-004
  0.23276700000000003       -1.4320848950946310E-004
  0.23376600000000003       -1.4344419965537985E-004
  0.23476500000000003       -1.4367219050201864E-004
  0.23576400000000003       -1.4389245885538835E-004
  0.23676300000000003       -1.4410500170726403E-004
  0.23776200000000003       -1.4430981623152799E-004
  0.23876100000000003       -1.4450689978049697E-004
  0.23976000000000003       -1.4469624988137594E-004
  0.24075900000000003       -1.4487786423286305E-004
  0.24175800000000003       -1.4505174070174350E-004
  0.24275700000000003       -1.4521787731975997E-004
  0.24375600000000003       -1.4537627228031801E-004
  0.24475500000000003       -1.4552692393561591E-004
  0.24575400000000003       -1.4566983079344493E-004
  0.24675300000000003       -1.4580499151450237E-004
  0.24775200000000003       -1.4593240490939953E-004
  0.24875100000000003       -1.4605206993614911E-004
  0.24975000000000003       -1.4616398569726723E-004
  0.25074900000000000       -1.4626815143743328E-004
  0.25174800000000003       -1.4636456654078944E-004
  0.25274700000000000       -1.4645323052869038E-004
  0.25374600000000003       -1.4653414305719045E-004
  0.25474500000000000       -1.4660730391484835E-004
  0.25574400000000003       -1.4667271302049465E-004
  0.25674300000000005       -1.4673037042101133E-004
  0.25774200000000003       -1.4678027628932245E-004
  0.25874100000000005       -1.4682243092228037E-004
  0.25974000000000003       -1.4685683473873785E-004
  0.26073900000000005       -1.4688348827760004E-004
  0.26173800000000003       -1.4690239219600988E-004
  0.26273700000000005       -1.4691354726749516E-004
  0.26373600000000003       -1.4691695438025603E-004
  0.26473500000000005       -1.4691261453540219E-004
  0.26573400000000003       -1.4690052884542933E-004
  0.26673300000000005       -1.4688069853245408E-004
  0.26773200000000003       -1.4685312492682232E-004
  0.26873100000000005       -1.4681780946547866E-004
  0.26973000000000003       -1.4677475369065417E-004
  0.27072900000000005       -1.4672395924835867E-004
  0.27172800000000003       -1.4666542788694588E-004
  0.27272700000000005       -1.4659916145598484E-004
  0.27372600000000002       -1.4652516190485034E-004
  0.27472500000000005       -1.4644343128148690E-004
  0.27572400000000002       -1.4635397173126747E-004
  0.27672300000000005       -1.4625678549575480E-004
  0.27772200000000002       -1.4615187491166299E-004
  0.27872100000000005       -1.4603924240972959E-004
  0.27972000000000002       -1.4591889051368637E-004
  0.28071900000000005       -1.4579082183919948E-004
  0.28171800000000002       -1.4565503909294808E-004
  0.28271700000000005       -1.4551154507165862E-004
  0.28371600000000002       -1.4536034266124454E-004
  0.28471500000000005       -1.4520143483579006E-004
  0.28571400000000002       -1.4503482465686533E-004
  0.28671300000000005       -1.4486051527265535E-004
  0.28771200000000002       -1.4467850991706896E-004
  0.28871100000000005       -1.4448881190921747E-004
  0.28971000000000002       -1.4429142465244077E-004
  0.29070900000000005       -1.4408635163372805E-004
  0.29170800000000002       -1.4387359642311693E-004
  0.29270700000000005       -1.4365316267285190E-004
  0.29370600000000002       -1.4342505411703030E-004
  0.29470500000000005       -1.4318927457072106E-004
  0.29570400000000002       -1.4294582792969229E-004
  0.29670300000000005       -1.4269471816963060E-004
  0.29770200000000002       -1.4243594934577384E-004
  0.29870100000000005       -1.4216952559231941E-004
  0.29970000000000002       -1.4189545112208295E-004
  0.30069900000000005       -1.4161373022594738E-004
  0.30169800000000002       -1.4132436727243202E-004
  0.30269700000000005       -1.4102736670737804E-004
  0.30369600000000002       -1.4072273305353871E-004
  0.30469500000000005       -1.4041047091014895E-004
  0.30569400000000002       -1.4009058495267559E-004
  0.30669300000000005       -1.3976307993252295E-004
  0.30769200000000002       -1.3942796067659388E-004
  0.30869100000000005       -1.3908523208717804E-004
  0.30969000000000002       -1.3873489914159083E-004
  0.31068900000000005       -1.3837696689201166E-004
  0.31168800000000002       -1.3801144046513640E-004
  0.31268700000000005       -1.3763832506212350E-004
  0.31368600000000002       -1.3725762595837148E-004
  0.31468500000000005       -1.3686934850328154E-004
  0.31568400000000002       -1.3647349812012595E-004
  0.31668300000000005       -1.3607008030602105E-004
  0.31768200000000002       -1.3565910063174141E-004
  0.31868100000000005       -1.3524056474153859E-004
  0.31968000000000002       -1.3481447835322162E-004
  0.32067900000000005       -1.3438084725795623E-004
  0.32167800000000002       -1.3393967732037648E-004
  0.32267700000000005       -1.3349097447824606E-004
  0.32367600000000002       -1.3303474474282392E-004
  0.32467500000000005       -1.3257099419861421E-004
  0.32567400000000002       -1.3209972900342113E-004
  0.32667300000000005       -1.3162095538838366E-004
  0.32767200000000002       -1.3113467965798290E-004
  0.32867100000000005       -1.3064090819029460E-004
  0.32967000000000002       -1.3013964743667259E-004
  0.33066900000000005       -1.2963090392222084E-004
  0.33166800000000002       -1.2911468424566200E-004
  0.33266700000000005       -1.2859099507952766E-004
  0.33366600000000002       -1.2805984317020019E-004
  0.33466500000000005       -1.2752123533821692E-004
  0.33566400000000002       -1.2697517847815200E-004
  0.33666300000000005       -1.2642167955911052E-004
  0.33766200000000002       -1.2586074562457610E-004
  0.33866100000000005       -1.2529238379286283E-004
  0.33966000000000002       -1.2471660125709389E-004
  0.34065900000000005       -1.2413340528556472E-004
  0.34165800000000002       -1.2354280322199342E-004
  0.34265700000000004       -1.2294480248552315E-004
  0.34365600000000002       -1.2233941057125707E-004
  0.34465500000000004       -1.2172663505031445E-004
  0.34565400000000002       -1.2110648357022435E-004
  0.34665300000000004       -1.2047896385507016E-004
  0.34765200000000002       -1.1984408370598001E-004
  0.34865100000000004       -1.1920185100127426E-004
  0.34965000000000002       -1.1855227369679263E-004
  0.35064900000000004       -1.1789535982630090E-004
  0.35164800000000002       -1.1723111750175015E-004
  0.35264700000000004       -1.1655955491372531E-004
  0.35364600000000002       -1.1588068033167548E-004
  0.35464500000000004       -1.1519450210436412E-004
  0.35564400000000002       -1.1450102866027559E-004
  0.35664300000000004       -1.1380026850795688E-004
  0.35764200000000002       -1.1309223023642577E-004
  0.35864100000000004       -1.1237692251556066E-004
  0.35964000000000002       -1.1165435409663222E-004
  0.36063900000000004       -1.1092453381267055E-004
  0.36163800000000001       -1.1018747057885366E-004
  0.36263700000000004       -1.0944317339302578E-004
  0.36363600000000001       -1.0869165133618248E-004
  0.36463500000000004       -1.0793291357293949E-004
  0.36563400000000001       -1.0716696935193906E-004
  0.36663300000000004       -1.0639382800650668E-004
  0.36763200000000001       -1.0561349895495056E-004
  0.36863100000000004       -1.0482599170130770E-004
  0.36963000000000001       -1.0403131583569746E-004
  0.37062900000000004       -1.0322948103491380E-004
  0.37162800000000001       -1.0242049706304829E-004
  0.37262700000000004       -1.0160437377190217E-004
  0.37362600000000001       -1.0078112110172569E-004
  0.37462500000000004       -9.9950749081627582E-005
  0.37562400000000001       -9.9113267830259935E-005
  0.37662300000000004       -9.8268687556541542E-005
  0.37762200000000001       -9.7417018559905856E-005
  0.37862100000000004       -9.6558271231309676E-005
  0.37962000000000001       -9.5692456053637960E-005
  0.38061900000000004       -9.4819583602462690E-005
  0.38161800000000001       -9.3939664546554690E-005
  0.38261700000000004       -9.3052709648668242E-005
  0.38361600000000007       -9.2158729766202878E-005
  0.38461500000000004       -9.1257735851781578E-005
  0.38561400000000007       -9.0349738954118516E-005
  0.38661300000000004       -8.9434750218477264E-005
  0.38761200000000007       -8.8512780887635217E-005
  0.38861100000000004       -8.7583842302425431E-005
  0.38961000000000007       -8.6647945902534995E-005
  0.39060900000000004       -8.5705103227271966E-005
  0.39160800000000007       -8.4755325916287892E-005
  0.39260700000000004       -8.3798625710306213E-005
  0.39360600000000007       -8.2835014452013197E-005
  0.39460500000000004       -8.1864504086619371E-005
  0.39560400000000007       -8.0887106662918434E-005
  0.39660300000000004       -7.9902834333947642E-005
  0.39760200000000007       -7.8911699357772083E-005
  0.39860100000000004       -7.7913714098428797E-005
  0.39960000000000007       -7.6908891026624299E-005
  0.40059900000000004       -7.5897242720715592E-005
  0.40159800000000007       -7.4878781867409450E-005
  0.40259700000000004       -7.3853521262881084E-005
  0.40359600000000007       -7.2821473813350343E-005
  0.40459500000000004       -7.1782652536193033E-005
  0.40559400000000007       -7.0737070560731259E-005
  0.40659300000000004       -6.9684741129184233E-005
  0.40759200000000007       -6.8625677597616974E-005
  0.40859100000000004       -6.7559893436864782E-005
  0.40959000000000007       -6.6487402233370203E-005
  0.41058900000000004       -6.5408217690260953E-005
  0.41158800000000006       -6.4322353628317166E-005
  0.41258700000000004       -6.3229823986873891E-005
  0.41358600000000006       -6.2130642824920277E-005
  0.41458500000000004       -6.1024824321930536E-005
  0.41558400000000006       -5.9912382779050798E-005
  0.41658300000000004       -5.8793332620008086E-005
  0.41758200000000006       -5.7667688392232271E-005
  0.41858100000000004       -5.6535464767826445E-005
  0.41958000000000006       -5.5396676544697349E-005
  0.42057900000000004       -5.4251338647522655E-005
  0.42157800000000006       -5.3099466128968900E-005
  0.42257700000000004       -5.1941074170659424E-005
  0.42357600000000006       -5.0776178084405156E-005
  0.42457500000000004       -4.9604793313292548E-005
  0.42557400000000006       -4.8426935432685230E-005
  0.42657300000000004       -4.7242620151459854E-005
  0.42757200000000006       -4.6051863313300524E-005
  0.42857100000000004       -4.4854680897646067E-005
  0.42957000000000006       -4.3651089020968493E-005
  0.43056900000000004       -4.2441103937988596E-005
  0.43156800000000006       -4.1224742042875365E-005
  0.43256700000000003       -4.0002019870397002E-005
  0.43356600000000006       -3.8772954097278126E-005
  0.43456500000000003       -3.7537561543360588E-005
  0.43556400000000006       -3.6295859172854454E-005
  0.43656300000000003       -3.5047864095674318E-005
  0.43756200000000006       -3.3793593568649317E-005
  0.43856100000000003       -3.2533064996949895E-005
  0.43956000000000006       -3.1266295935238888E-005
  0.44055900000000003       -2.9993304089167227E-005
  0.44155800000000006       -2.8714107316557658E-005
  0.44255700000000003       -2.7428723628833150E-005
  0.44355600000000006       -2.6137171192491966E-005
  0.44455500000000003       -2.4839468330245665E-005
  0.44555400000000006       -2.3535633522729635E-005
  0.44655300000000003       -2.2225685409603333E-005
  0.44755200000000006       -2.0909642791298981E-005
  0.44855100000000003       -1.9587524630055951E-005
  0.44955000000000006       -1.8259350051870939E-005
  0.45054900000000003       -1.6925138347530190E-005
  0.45154800000000006       -1.5584908974409832E-005
  0.45254700000000003       -1.4238681557843694E-005
  0.45354600000000006       -1.2886475892624517E-005
  0.45454500000000003       -1.1528311944557344E-005
  0.45554400000000006       -1.0164209852080770E-005
  0.45654300000000003       -8.7941899278006316E-006
  0.45754200000000006       -7.4182726599591680E-006
  0.45854100000000003       -6.0364787141747787E-006
  0.45954000000000006       -4.6488289351071021E-006
  0.46053900000000003       -3.2553443478022575E-006
  0.46153800000000006       -1.8560461597835461E-006
  0.46253700000000003       -4.5095576221367750E-007
  0.46353600000000006        9.5990526795925894E-007
  0.46453500000000003        2.3765151666778366E-006
  0.46553400000000006        3.7988519807444450E-006
  0.46653300000000003        5.2268935662944012E-006
  0.46753200000000006        6.6606175869974748E-006
  0.46853100000000003        8.1000015122644030E-006
  0.46953000000000006        9.5450226153814279E-006
  0.47052900000000003        1.0995657972012794E-005
  0.47152800000000006        1.2451884457901632E-005
  0.47252700000000003        1.3913678747325582E-005
  0.47352600000000006        1.5381017311370830E-005
  0.47452500000000003        1.6853876415628604E-005
  0.47552400000000006        1.8332232118691716E-005
  0.47652300000000003        1.9816060270075366E-005
  0.47752200000000006        2.1305336508193482E-005
  0.47852100000000003        2.2800036258508743E-005
  0.47952000000000006        2.4300134731644537E-005
  0.48051900000000003        2.5805606921168448E-005
  0.48151800000000006        2.7316427601791249E-005
  0.48251700000000003        2.8832571327119672E-005
  0.48351600000000006        3.0354012427815698E-005
  0.48451500000000003        3.1880725009298602E-005
  0.48551400000000006        3.3412682949860223E-005
  0.48651300000000003        3.4949859898401210E-005
  0.48751200000000006        3.6492229272327037E-005
  0.48851100000000003        3.8039764255397668E-005
  0.48951000000000006        3.9592437795570592E-005
  0.49050900000000003        4.1150222602645834E-005
  0.49150800000000006        4.2713091146341440E-005
  0.49250700000000003        4.4281015653621599E-005
  0.49350600000000006        4.5853968106835545E-005
  0.49450500000000003        4.7431920241173371E-005
  0.49550400000000006        4.9014843542426674E-005
  0.49650300000000003        5.0602709244558789E-005
  0.49750200000000006        5.2195488327588257E-005
  0.49850100000000003        5.3793151514846464E-005
  0.49950000000000006        5.5395669270794323E-005
  0.50049900000000003        5.7003011798590679E-005
  0.50149800000000000        5.8615149037532113E-005
  0.50249700000000008        6.0232050660596888E-005
  0.50349600000000005        6.1853686071970833E-005
  0.50449500000000003        6.3480024404469611E-005
  0.50549400000000000        6.5111034517037334E-005
  0.50649300000000008        6.6746684992018390E-005
  0.50749200000000005        6.8386944132755678E-005
  0.50849100000000003        7.0031779960753882E-005
  0.50949000000000000        7.1681160213173112E-005
  0.51048900000000008        7.3335052340019012E-005
  0.51148800000000005        7.4993423501451564E-005
  0.51248700000000003        7.6656240565156519E-005
  0.51348600000000011        7.8323470103348788E-005
  0.51448500000000008        7.9995078390204127E-005
  0.51548400000000005        8.1671031398837074E-005
  0.51648300000000003        8.3351294798639867E-005
  0.51748200000000011        8.5035833952195984E-005
  0.51848100000000008        8.6724613912489263E-005
  0.51948000000000005        8.8417599420003288E-005
  0.52047900000000002        9.0114754899604563E-005
  0.52147800000000011        9.1816044457683279E-005
  0.52247700000000008        9.3521431878984670E-005
  0.52347600000000005        9.5230880623675443E-005
  0.52447500000000002        9.6944353824238543E-005
  0.52547400000000011        9.8661814282256772E-005
  0.52647300000000008        1.0038322446533944E-004
  0.52747200000000005        1.0210854650397138E-004
  0.52847100000000002        1.0383774218816848E-004
  0.52947000000000011        1.0557077296436503E-004
  0.53046900000000008        1.0730759993208222E-004
  0.53146800000000005        1.0904818384055806E-004
  0.53246700000000002        1.1079248508554605E-004
  0.53346600000000011        1.1254046370583743E-004
  0.53446500000000008        1.1429207937980939E-004
  0.53546400000000005        1.1604729142212198E-004
  0.53646300000000002        1.1780605878009461E-004
  0.53746200000000011        1.1956834003031047E-004
  0.53846100000000008        1.2133409337503828E-004
  0.53946000000000005        1.2310327663855641E-004
  0.54045900000000002        1.2487584726367452E-004
  0.54145800000000011        1.2665176230804148E-004
  0.54245700000000008        1.2843097844040255E-004
  0.54345600000000005        1.3021345193689932E-004
  0.54445500000000002        1.3199913867739066E-004
  0.54545400000000011        1.3378799414155967E-004
  0.54645300000000008        1.3557997340508967E-004
  0.54745200000000005        1.3737503113581329E-004
  0.54845100000000002        1.3917312158990536E-004
  0.54945000000000010        1.4097419860764732E-004
  0.55044900000000008        1.4277821560980774E-004
  0.55144800000000005        1.4458512559336421E-004
  0.55244700000000002        1.4639488112754383E-004
  0.55344600000000010        1.4820743434968393E-004
  0.55444500000000008        1.5002273696107559E-004
  0.55544400000000005        1.5184074022283459E-004
  0.55644300000000002        1.5366139495166263E-004
  0.55744200000000010        1.5548465151555009E-004
  0.55844100000000008        1.5731045982944871E-004
  0.55944000000000005        1.5913876935108446E-004
  0.56043900000000002        1.6096952907633961E-004
  0.56143800000000010        1.6280268753497034E-004
  0.56243700000000008        1.6463819278609776E-004
  0.56343600000000005        1.6647599241374940E-004
  0.56443500000000002        1.6831603352211510E-004
  0.56543400000000010        1.7015826273118691E-004
  0.56643300000000008        1.7200262617195135E-004
  0.56743200000000005        1.7384906948170813E-004
  0.56843100000000002        1.7569753779940236E-004
  0.56943000000000010        1.7754797576085930E-004
  0.57042900000000007        1.7940032749378830E-004
  0.57142800000000005        1.8125453661311849E-004
  0.57242700000000002        1.8311054621594858E-004
  0.57342600000000010        1.8496829887663355E-004
  0.57442500000000007        1.8682773664177027E-004
  0.57542400000000005        1.8868880102509335E-004
  0.57642300000000002        1.9055143300240974E-004
  0.57742200000000010        1.9241557300652274E-004
  0.57842100000000007        1.9428116092179174E-004
  0.57942000000000005        1.9614813607918044E-004
  0.58041900000000002        1.9801643725071217E-004
  0.58141800000000010        1.9988600264421723E-004
  0.58241700000000007        2.0175676989801533E-004
  0.58341600000000005        2.0362867607524052E-004
  0.58441500000000002        2.0550165765859189E-004
  0.58541400000000010        2.0737565054466012E-004
  0.58641300000000007        2.0925059003831152E-004
  0.58741200000000005        2.1112641084705330E-004
  0.58841100000000002        2.1300304707533638E-004
  0.58941000000000010        2.1488043221884066E-004
  0.59040900000000007        2.1675849915855892E-004
  0.59140800000000004        2.1863718015504611E-004
  0.59240700000000002        2.2051640684240536E-004
  0.59340600000000010        2.2239611022247671E-004
  0.59440500000000007        2.2427622065859345E-004
  0.59540400000000004        2.2615666786965157E-004
  0.59640300000000002        2.2803738092397414E-004
  0.59740200000000010        2.2991828823310095E-004
  0.59840100000000007        2.3179931754549804E-004
  0.59940000000000004        2.3368039594039885E-004
  0.60039900000000002        2.3556144982132433E-004
  0.60139800000000010        2.3744240490967432E-004
  0.60239700000000007        2.3932318623839675E-004
  0.60339600000000004        2.4120371814537463E-004
  0.60439500000000002        2.4308392426676428E-004
  0.60539400000000010        2.4496372753063676E-004
  0.60639300000000007        2.4684305014999609E-004
  0.60739200000000004        2.4872181361614010E-004
  0.60839100000000002        2.5059993869196531E-004
  0.60939000000000010        2.5247734540495147E-004
  0.61038900000000007        2.5435395304031569E-004
  0.61138800000000004        2.5622968013407999E-004
  0.61238700000000001        2.5810444446591361E-004
  0.61338600000000010        2.5997816305215913E-004
  0.61438500000000007        2.6185075213860031E-004
  0.61538400000000004        2.6372212719341675E-004
  0.61638300000000001        2.6559220289962396E-004
  0.61738200000000010        2.6746089314799932E-004
  0.61838100000000007        2.6932811102961339E-004
  0.61938000000000004        2.7119376882842110E-004
  0.62037900000000001        2.7305777801363767E-004
  0.62137800000000010        2.7492004923234238E-004
  0.62237700000000007        2.7678049230175889E-004
  0.62337600000000004        2.7863901620158495E-004
  0.62437500000000001        2.8049552906630175E-004
  0.62537400000000010        2.8234993817728769E-004
  0.62637300000000007        2.8420214995509240E-004
  0.62737200000000004        2.8605206995134633E-004
  0.62837100000000001        2.8789960284102286E-004
  0.62937000000000010        2.8974465241415632E-004
  0.63036900000000007        2.9158712156790212E-004
  0.63136800000000004        2.9342691229841797E-004
  0.63236700000000001        2.9526392569246006E-004
  0.63336600000000010        2.9709806191937282E-004
  0.63436500000000007        2.9892922022262055E-004
  0.63536400000000004        3.0075729891138991E-004
  0.63636300000000001        3.0258219535223637E-004
  0.63736200000000010        3.0440380596054106E-004
  0.63836100000000007        3.0622202619201973E-004
  0.63936000000000004        3.0803675053395679E-004
  0.64035900000000012        3.0984787249679023E-004
  0.64135800000000009        3.1165528460521292E-004
  0.64235700000000007        3.1345887838950677E-004
  0.64335600000000004        3.1525854437658462E-004
  0.64435500000000012        3.1705417208130243E-004
  0.64535400000000009        3.1884564999742188E-004
  0.64635300000000007        3.2063286558859310E-004
  0.64735200000000004        3.2241570527939667E-004
  0.64835100000000012        3.2419405444630194E-004
  0.64935000000000009        3.2596779740846156E-004
  0.65034900000000007        3.2773681741849782E-004
  0.65134800000000004        3.2950099665340129E-004
  0.65234700000000012        3.3126021620519800E-004
  0.65334600000000009        3.3301435607157985E-004
  0.65434500000000007        3.3476329514660883E-004
  0.65534400000000004        3.3650691121134914E-004
  0.65634300000000012        3.3824508092439645E-004
  0.65734200000000009        3.3997767981223644E-004
  0.65834100000000007        3.4170458226002949E-004
  0.65934000000000004        3.4342566150171746E-004
  0.66033900000000012        3.4514078961073473E-004
  0.66133800000000009        3.4684983749019464E-004
  0.66233700000000006        3.4855267486315545E-004
  0.66333600000000004        3.5024917026317125E-004
  0.66433500000000012        3.5193919102438084E-004
  0.66533400000000009        3.5362260327182008E-004
  0.66633300000000006        3.5529927191163774E-004
  0.66733200000000004        3.5696906062128463E-004
  0.66833100000000012        3.5863183183971423E-004
  0.66933000000000009        3.6028744675757878E-004
  0.67032900000000006        3.6193576530734026E-004
  0.67132800000000004        3.6357664615334134E-004
  0.67232700000000012        3.6520994668211277E-004
  0.67332600000000009        3.6683552299231784E-004
  0.67432500000000006        3.6845322988490151E-004
  0.67532400000000004        3.7006292085332431E-004
  0.67632300000000012        3.7166444807346452E-004
  0.67732200000000009        3.7325766239391006E-004
  0.67832100000000006        3.7484241332610193E-004
  0.67932000000000003        3.7641854903424873E-004
  0.68031900000000012        3.7798591632578208E-004
  0.68131800000000009        3.7954436064122700E-004
  0.68231700000000006        3.8109372604468048E-004
  0.68331600000000003        3.8263385521385813E-004
  0.68431500000000012        3.8416458943035038E-004
  0.68531400000000009        3.8568576857005393E-004
  0.68631300000000006        3.8719723109334036E-004
  0.68731200000000003        3.8869881403551053E-004
  0.68831100000000012        3.9019035299730045E-004
  0.68931000000000009        3.9167168213518640E-004
  0.69030900000000006        3.9314263415209908E-004
  0.69130800000000003        3.9460304028796469E-004
  0.69230700000000012        3.9605273031041857E-004
  0.69330600000000009        3.9749153250556740E-004
  0.69430500000000006        3.9891927366880704E-004
  0.69530400000000003        4.0033577909582543E-004
  0.69630300000000012        4.0174087257363340E-004
  0.69730200000000009        4.0313437637167784E-004
  0.69830100000000006        4.0451611123319350E-004
  0.69930000000000003        4.0588589636649842E-004
  0.70029900000000012        4.0724354943653127E-004
  0.70129800000000009        4.0858888655655976E-004
  0.70229700000000006        4.0992172227988444E-004
  0.70329600000000003        4.1124186959193071E-004
  0.70429500000000012        4.1254913990222951E-004
  0.70529400000000009        4.1384334303674804E-004
  0.70629300000000006        4.1512428723040434E-004
  0.70729200000000003        4.1639177911969455E-004
  0.70829100000000011        4.1764562373556994E-004
  0.70929000000000009        4.1888562449651215E-004
  0.71028900000000006        4.2011158320181776E-004
  0.71128800000000003        4.2132330002526286E-004
  0.71228700000000011        4.2252057350866326E-004
  0.71328600000000009        4.2370320055621670E-004
  0.71428500000000006        4.2487097642859400E-004
  0.71528400000000003        4.2602369473766994E-004
  0.71628300000000011        4.2716114744140355E-004
  0.71728200000000009        4.2828312483911296E-004
  0.71828100000000006        4.2938941556694643E-004
  0.71928000000000003        4.3047980659393677E-004
  0.72027900000000011        4.3155408321809112E-004
  0.72127800000000009        4.3261202906318781E-004
  0.72227700000000006        4.3365342607573442E-004
  0.72327600000000003        4.3467805452243976E-004
  0.72427500000000011        4.3568569298808190E-004
  0.72527400000000009        4.3667611837389531E-004
  0.72627300000000006        4.3764910589625099E-004
  0.72727200000000003        4.3860442908607629E-004
  0.72827100000000011        4.3954185978853111E-004
  0.72927000000000008        4.4046116816339750E-004
  0.73026900000000006        4.4136212268592229E-004
  0.73126800000000003        4.4224449014826811E-004
  0.73226700000000011        4.4310803566156035E-004
  0.73326600000000008        4.4395252265848242E-004
  0.73426500000000006        4.4477771289672694E-004
  0.73526400000000003        4.4558336646282823E-004
  0.73626300000000011        4.4636924177691030E-004
  0.73726200000000008        4.4713509559808423E-004
  0.73826100000000006        4.4788068303059438E-004
  0.73926000000000003        4.4860575753076921E-004
  0.74025900000000011        4.4931007091477066E-004
  0.74125800000000008        4.4999337336718004E-004
  0.74225700000000006        4.5065541345051720E-004
  0.74325600000000003        4.5129593811553777E-004
  0.74425500000000011        4.5191469271269416E-004
  0.74525400000000008        4.5251142100435020E-004
  0.74625300000000006        4.5308586517809886E-004
  0.74725200000000003        4.5363776586124720E-004
  0.74825100000000011        4.5416686213619673E-004
  0.74925000000000008        4.5467289155709154E-004
  0.75024900000000005        4.5515559016760229E-004
  0.75124800000000003        4.5561469251993459E-004
  0.75224700000000011        4.5604993169505047E-004
  0.75324600000000008        4.5646103932433623E-004
  0.75424500000000005        4.5684774561241586E-004
  0.75524400000000003        4.5720977936156875E-004
  0.75624300000000011        4.5754686799749682E-004
  0.75724200000000008        4.5785873759650222E-004
  0.75824100000000005        4.5814511291455398E-004
  0.75924000000000003        4.5840571741750051E-004
  0.76023900000000011        4.5864027331336767E-004
  0.76123800000000008        4.5884850158608152E-004
  0.76223700000000005        4.5903012203121838E-004
  0.76323600000000003        4.5918485329338329E-004
  0.76423500000000011        4.5931241290565674E-004
  0.76523400000000008        4.5941251733097984E-004
  0.76623300000000005        4.5948488200549416E-004
  0.76723200000000014        4.5952922138407288E-004
  0.76823100000000011        4.5954524898814055E-004
  0.76923000000000008        4.5953267745546983E-004
  0.77022900000000005        4.5949121859260113E-004
  0.77122800000000014        4.5942058342950045E-004
  0.77222700000000011        4.5932048227676089E-004
  0.77322600000000008        4.5919062478534840E-004
  0.77422500000000005        4.5903072000907968E-004
  0.77522400000000014        4.5884047646977002E-004
  0.77622300000000011        4.5861960222522521E-004
  0.77722200000000008        4.5836780494022732E-004
  0.77822100000000005        4.5808479196044301E-004
  0.77922000000000013        4.5777027038949354E-004
  0.78021900000000011        4.5742394716930906E-004
  0.78121800000000008        4.5704552916375844E-004
  0.78221700000000005        4.5663472324561062E-004
  0.78321600000000013        4.5619123638717090E-004
  0.78421500000000011        4.5571477575461519E-004
  0.78521400000000008        4.5520504880579554E-004
  0.78621300000000005        4.5466176339233516E-004
  0.78721200000000013        4.5408462786537492E-004
  0.78821100000000011        4.5347335118569069E-004
  0.78921000000000008        4.5282764303788742E-004
  0.79020900000000005        4.5214721394911550E-004
  0.79120800000000013        4.5143177541222360E-004
  0.79220700000000011        4.5068104001362943E-004
  0.79320600000000008        4.4989472156592436E-004
  0.79420500000000005        4.4907253524546585E-004
  0.79520400000000013        4.4821419773507267E-004
  0.79620300000000011        4.4731942737190718E-004
  0.79720200000000008        4.4638794430077984E-004
  0.79820100000000005        4.4541947063305180E-004
  0.79920000000000013        4.4441373061119931E-004
  0.80019900000000010        4.4337045077927784E-004
  0.80119800000000008        4.4228936015945093E-004
  0.80219700000000005        4.4117019043470268E-004
  0.80319600000000013        4.4001267613805081E-004
  0.80419500000000010        4.3881655484822061E-004
  0.80519400000000008        4.3758156739217945E-004
  0.80619300000000005        4.3630745805456849E-004
  0.80719200000000013        4.3499397479431916E-004
  0.80819100000000010        4.3364086946858470E-004
  0.80919000000000008        4.3224789806423569E-004
  0.81018900000000005        4.3081482093704730E-004
  0.81118800000000013        4.2934140305891049E-004
  0.81218700000000010        4.2782741427314165E-004
  0.81318600000000008        4.2627262955813327E-004
  0.81418500000000005        4.2467682929968109E-004
  0.81518400000000013        4.2303979957198740E-004
  0.81618300000000010        4.2136133242777132E-004
  0.81718200000000007        4.1964122619759858E-004
  0.81818100000000005        4.1787928579860398E-004
  0.81918000000000013        4.1607532305302136E-004
  0.82017900000000010        4.1422915701654750E-004
  0.82117800000000007        4.1234061431682611E-004
  0.82217700000000005        4.1040952950243466E-004
  0.82317600000000013        4.0843574540232126E-004
  0.82417500000000010        4.0641911349617132E-004
  0.82517400000000007        4.0435949429586294E-004
  0.82617300000000005        4.0225675773813177E-004
  0.82717200000000013        4.0011078358885094E-004
  0.82817100000000010        3.9792146185901834E-004
  0.82917000000000007        3.9568869323272198E-004
  0.83016900000000005        3.9341238950734336E-004
  0.83116800000000013        3.9109247404612511E-004
  0.83216700000000010        3.8872888224346450E-004
  0.83316600000000007        3.8632156200289942E-004
  0.83416500000000005        3.8387047422826454E-004
  0.83516400000000013        3.8137559332804185E-004
  0.83616300000000010        3.7883690773307525E-004
  0.83716200000000007        3.7625442042794205E-004
  0.83816100000000004        3.7362814949605760E-004
  0.83916000000000013        3.7095812867864934E-004
  0.84015900000000010        3.6824440794780102E-004
  0.84115800000000007        3.6548705409367800E-004
  0.84215700000000004        3.6268615132589954E-004
  0.84315600000000013        3.5984180188943372E-004
  0.84415500000000010        3.5695412669468408E-004
  0.84515400000000007        3.5402326596218909E-004
  0.84615300000000004        3.5104937988167769E-004
  0.84715200000000013        3.4803264928555318E-004
  0.84815100000000010        3.4497327633680505E-004
  0.84915000000000007        3.4187148523116172E-004
  0.85014900000000004        3.3872752291347005E-004
  0.85114800000000013        3.3554165980801337E-004
  0.85214700000000010        3.3231419056272917E-004
  0.85314600000000007        3.2904543480689939E-004
  0.85414500000000004        3.2573573792211828E-004
  0.85514400000000013        3.2238547182616436E-004
  0.85614300000000010        3.1899503576929798E-004
  0.85714200000000007        3.1556485714255431E-004
  0.85814100000000004        3.1209539229748256E-004
  0.85914000000000013        3.0858712737661314E-004
  0.86013900000000010        3.0504057915407303E-004
  0.86113800000000007        3.0145629588541808E-004
  0.86213700000000004        2.9783485816587345E-004
  0.86313600000000013        2.9417687979595728E-004
  0.86413500000000010        2.9048300865339909E-004
  0.86513400000000007        2.8675392757011349E-004
  0.86613300000000004        2.8299035521292385E-004
  0.86713200000000012        2.7919304696654573E-004
  0.86813100000000010        2.7536279581722432E-004
  0.86913000000000007        2.7150043323528314E-004
  0.87012900000000004        2.6760683005465721E-004
  0.87112800000000012        2.6368289734732237E-004
  0.87212700000000010        2.5972958729040380E-004
  0.87312600000000007        2.5574789402343462E-004
  0.87412500000000004        2.5173885449321251E-004
  0.87512400000000012        2.4770354928330021E-004
  0.87612300000000010        2.4364310342516905E-004
  0.87712200000000007        2.3955868718759089E-004
  0.87812100000000004        2.3545151684075749E-004
  0.87912000000000012        2.3132285539125249E-004
  0.88011900000000010        2.2717401328381908E-004
  0.88111800000000007        2.2300634906545735E-004
  0.88211700000000004        2.1882127000719966E-004
  0.88311600000000012        2.1462023267849930E-004
  0.88411500000000010        2.1040474346890753E-004
  0.88511400000000007        2.0617635905131036E-004
  0.88611300000000004        2.0193668678068411E-004
  0.88711200000000012        1.9768738502188779E-004
  0.88811100000000009        1.9343016339971918E-004
  0.88911000000000007        1.8916678296394539E-004
  0.89010900000000004        1.8489905626171700E-004
  0.89110800000000012        1.8062884730924843E-004
  0.89210700000000009        1.7635807145429988E-004
  0.89310600000000007        1.7208869512048779E-004
  0.89410500000000004        1.6782273542403965E-004
  0.89510400000000012        1.6356225965315373E-004
  0.89610300000000009        1.5930938459963911E-004
  0.89710200000000007        1.5506627573210025E-004
  0.89810100000000015        1.5083514619945165E-004
  0.89910000000000012        1.4661825565313760E-004
  0.90009900000000009        1.4241790887596764E-004
  0.90109800000000007        1.3823645420513856E-004
  0.90209700000000015        1.3407628173656638E-004
  0.90309600000000012        1.2993982129738148E-004
  0.90409500000000009        1.2582954017306919E-004
  0.90509400000000007        1.2174794057555455E-004
  0.90609300000000015        1.1769755683830826E-004
  0.90709200000000012        1.1368095232444113E-004
  0.90809100000000009        1.0970071603374331E-004
  0.90909000000000006        1.0575945889469362E-004
  0.91008900000000015        1.0185980972764991E-004
  0.91108800000000012        9.8004410865782063E-005
  0.91208700000000009        9.4195913420759198E-005
  0.91308600000000006        9.0436972180902160E-005
  0.91408500000000015        8.6730240130323128E-005
  0.91508400000000012        8.3078362578700089E-005
  0.91608300000000009        7.9483970892616653E-005
  0.91708200000000006        7.5949675821053837E-005
  0.91808100000000015        7.2478060409496164E-005
  0.91908000000000012        6.9071672499402713E-005
  0.92007900000000009        6.5733016812408130E-005
  0.92107800000000006        6.2464546621681638E-005
  0.92207700000000015        5.9268655016343651E-005
  0.92307600000000012        5.6147665768834265E-005
  0.92407500000000009        5.3103823819599306E-005
  0.92507400000000006        5.0139285398529234E-005
  0.92607300000000015        4.7256107808203482E-005
  0.92707200000000012        4.4456238900260403E-005
  0.92807100000000009        4.1741506283103114E-005
  0.92907000000000006        3.9113606306717943E-005
  0.93006900000000015        3.6574092878616635E-005
  0.93106800000000012        3.4124366173824078E-005
  0.93206700000000009        3.1765661311401573E-005
  0.93306600000000006        2.9499037080206466E-005
  0.93406500000000015        2.7325364807352431E-005
  0.93506400000000012        2.5245317474132381E-005
  0.93606300000000009        2.3259359195823349E-005
  0.93706200000000006        2.1367735193739784E-005
  0.93806100000000014        1.9570462399879421E-005
  0.93906000000000012        1.7867320846364322E-005
  0.94005900000000009        1.6257846003260465E-005
  0.94105800000000006        1.4741322238989269E-005
  0.94205700000000014        1.3316777586960930E-005
  0.94305600000000012        1.1982980009827394E-005
  0.94405500000000009        1.0738435358294677E-005
  0.94505400000000006        9.5813872241450354E-006
  0.94605300000000014        8.5098188862771123E-006
  0.94705200000000012        7.5214575434208370E-006
  0.94805100000000009        6.6137810168812284E-006
  0.94905000000000006        5.7840270903387994E-006
  0.95004900000000014        5.0292056304746150E-006
  0.95104800000000012        4.3461136011240339E-006
  0.95204700000000009        3.7313530439557090E-006
  0.95304600000000006        3.1813520496277706E-006
  0.95404500000000014        2.6923886844718023E-006
  0.95504400000000012        2.2606177687887555E-006
  0.95604300000000009        1.8821003239791798E-006
  0.95704200000000006        1.5528354176865118E-006
  0.95804100000000014        1.2687940402652672E-006
  0.95904000000000011        1.0259545443776287E-006
  0.96003900000000009        8.2033907548755903E-007
  0.96103800000000006        6.4805031865220835E-007
  0.96203700000000014        5.0530779163328487E-007
  0.96303600000000011        3.8848283245369615E-007
  0.96403500000000009        2.9413136864334687E-007
  0.96503400000000006        2.1902352390742309E-007
  0.96603300000000014        1.6016912454349881E-007
  0.96703200000000011        1.1483822108875645E-007
  0.96803100000000009        8.0575847655809827E-008
  0.96903000000000006        5.5210407106263020E-008
  0.97002900000000014        3.6855295740898018E-008
  0.97102800000000011        2.3903662415056466E-008
  0.97202700000000009        1.5016523091887211E-008
  0.97302600000000006        9.1048042769179584E-009
  0.97402500000000014        5.3062410014519580E-009
  0.97502400000000011        2.9583735000020207E-009
  0.97602300000000008        1.5691335787441390E-009
  0.97702200000000006        7.8664932118806715E-010
  0.97802100000000014        3.6989448204267987E-010
  0.97902000000000011        1.6165049416002974E-010
  0.98001900000000008        6.4940222074222099E-011
  0.98101800000000006        2.3665910398870267E-011
  0.98201700000000014        7.6977469541368448E-012
  0.98301600000000011        2.1904919614794136E-012
  0.98401500000000008        5.3185992134050478E-013
  0.98501400000000006        1.0675362466343497E-013
  0.98601300000000014        1.7007173336460926E-014
  0.98701200000000011        2.0391855612917431E-015
  0.98801100000000008        1.7142934945559686E-016
  0.98901000000000006        9.1742830598431836E-018
  0.99000900000000014        2.7302969572987369E-019
  0.99100800000000011        3.7171632023091566E-021
  0.99200700000000008        1.7274442986139155E-023
  0.99300600000000006        1.7295740471957650E-026
  0.99400500000000014        1.7326875886273744E-030
  0.99500400000000011        4.3667603666108640E-036
  0.99600300000000008        1.7504233564499320E-044
  0.99700200000000005        1.7790636394943375E-058
  0.99800100000000014        1.8690164556519012E-086
  0.99900000000000011        2.4688368773839982E-170
