   9.9900000000000010E-004   1.6986165373412008E-021
   1.9980000000000002E-003   6.5330619700770063E-012
   2.9970000000000005E-003   1.0395363302675686E-008
   3.9960000000000004E-003   4.1905244601815061E-007
   4.9950000000000003E-003   3.8816645348084649E-006
   5.9940000000000011E-003   1.7231292044201940E-005
   6.9930000000000010E-003   5.0233016529743508E-005
   7.9920000000000008E-003   1.1257656471531675E-004
   8.9910000000000007E-003   2.1169276454034575E-004
   9.9900000000000006E-003   3.5202372910117020E-004
   1.0989000000000001E-002   5.3525356881818664E-004
   1.1988000000000002E-002   7.6092449485157688E-004
   1.2987000000000002E-002   1.0270909244819066E-003
   1.3986000000000002E-002   1.3308640624350300E-003
   1.4985000000000002E-002   1.6688128509065663E-003
   1.5984000000000002E-002   2.0372370430438683E-003
   1.6983000000000002E-002   2.4323432440159090E-003
   1.7982000000000001E-002   2.8503540687628919E-003
   1.8981000000000001E-002   3.2875743026700138E-003
   1.9980000000000001E-002   3.7404309137036092E-003
   2.0979000000000001E-002   4.2054978334537764E-003
   2.1978000000000001E-002   4.6795120690484322E-003
   2.2977000000000001E-002   5.1593847956484815E-003
   2.3976000000000004E-002   5.6422092831557979E-003
   2.4975000000000004E-002   6.1252664938170808E-003
   2.5974000000000004E-002   6.6060286722250264E-003
   2.6973000000000004E-002   7.0821610328487090E-003
   2.7972000000000004E-002   7.5515215958832553E-003
   2.8971000000000004E-002   8.0121592440446053E-003
   2.9970000000000004E-002   8.4623101209592207E-003
   3.0969000000000003E-002   8.9003925395911270E-003
   3.1968000000000003E-002   9.3250006048306265E-003
   3.2967000000000003E-002   9.7348967744116562E-003
   3.3966000000000003E-002   1.0129003587566817E-002
   3.4965000000000003E-002   1.0506394784040781E-002
   3.5964000000000003E-002   1.0866286020576202E-002
   3.6963000000000003E-002   1.1208025370895514E-002
   3.7962000000000003E-002   1.1531083771158610E-002
   3.8961000000000003E-002   1.1835045547914704E-002
   3.9960000000000002E-002   1.2119599141157520E-002
   4.0959000000000002E-002   1.2384528112213333E-002
   4.1958000000000002E-002   1.2629702505435289E-002
   4.2957000000000002E-002   1.2855070614337121E-002
   4.3956000000000002E-002   1.3060651186960282E-002
   4.4955000000000002E-002   1.3246526091866289E-002
   4.5954000000000002E-002   1.3412833455026554E-002
   4.6953000000000002E-002   1.3559761268837256E-002
   4.7952000000000009E-002   1.3687541467283021E-002
   4.8951000000000008E-002   1.3796444455671852E-002
   4.9950000000000008E-002   1.3886774079135390E-002
   5.0949000000000008E-002   1.3958863011016176E-002
   5.1948000000000008E-002   1.4013068540153158E-002
   5.2947000000000008E-002   1.4049768734754603E-002
   5.3946000000000008E-002   1.4069358959861448E-002
   5.4945000000000008E-002   1.4072248725225778E-002
   5.5944000000000008E-002   1.4058858840645522E-002
   5.6943000000000007E-002   1.4029618856315660E-002
   5.7942000000000007E-002   1.3984964766502298E-002
   5.8941000000000007E-002   1.3925336955751825E-002
   5.9940000000000007E-002   1.3851178367865695E-002
   6.0939000000000007E-002   1.3762932878956967E-002
   6.1938000000000007E-002   1.3661043857026349E-002
   6.2937000000000007E-002   1.3545952891626717E-002
   6.3936000000000007E-002   1.3418098678305618E-002
   6.4935000000000007E-002   1.3277916043611426E-002
   6.5934000000000006E-002   1.3125835097505832E-002
   6.6933000000000006E-002   1.2962280501041222E-002
   6.7932000000000006E-002   1.2787670838124033E-002
   6.8931000000000006E-002   1.2602418081096975E-002
   6.9930000000000006E-002   1.2406927140729745E-002
   7.0929000000000006E-002   1.2201595492007238E-002
   7.1928000000000006E-002   1.1986812867853119E-002
   7.2927000000000006E-002   1.1762961013618749E-002
   7.3926000000000006E-002   1.1530413495810011E-002
   7.4925000000000005E-002   1.1289535559117495E-002
   7.5924000000000005E-002   1.1040684026362567E-002
   7.6923000000000005E-002   1.0784207236473864E-002
   7.7922000000000005E-002   1.0520445016069826E-002
   7.8921000000000005E-002   1.0249728680645900E-002
   7.9920000000000005E-002   9.9723810617507892E-003
   8.0919000000000005E-002   9.6887165568899543E-003
   8.1918000000000005E-002   9.3990411992164458E-003
   8.2917000000000005E-002   9.1036527443617461E-003
   8.3916000000000004E-002   8.8028407720280571E-003
   8.4915000000000004E-002   8.4968868002052549E-003
   8.5914000000000004E-002   8.1860644100966908E-003
   8.6913000000000004E-002   7.8706393800379876E-003
   8.7912000000000004E-002   7.5508698268756435E-003
   8.8911000000000004E-002   7.2270063534356612E-003
   8.9910000000000004E-002   6.8992922008613341E-003
   9.0909000000000004E-002   6.5679634047354253E-003
   9.1908000000000004E-002   6.2332489540226823E-003
   9.2907000000000003E-002   5.8953709519777523E-003
   9.3906000000000003E-002   5.5545447782652732E-003
   9.4905000000000003E-002   5.2109792516267040E-003
   9.5904000000000017E-002   4.8648767925083746E-003
   9.6903000000000017E-002   4.5164335851404424E-003
   9.7902000000000017E-002   4.1658397386188702E-003
   9.8901000000000017E-002   3.8132794466036045E-003
   9.9900000000000017E-002   3.4589311452967492E-003
  0.10089900000000002        3.1029676694132725E-003
  0.10189800000000002        2.7455564058987184E-003
  0.10289700000000002        2.3868594451861005E-003
  0.10389600000000002        2.0270337298168980E-003
  0.10489500000000002        1.6662312002844620E-003
  0.10589400000000002        1.3045989379814370E-003
  0.10689300000000002        9.4227930515897119E-004
  0.10789200000000002        5.7941008182539762E-004
  0.10889100000000002        2.1612459953313550E-004
  0.10989000000000002       -1.4744812798378571E-004
  0.11088900000000002       -5.1118327734225215E-004
  0.11188800000000002       -8.7496009122071602E-004
  0.11288700000000002       -1.2386617572455361E-003
  0.11388600000000001       -1.6021752900400390E-003
  0.11488500000000001       -1.9653914164139224E-003
  0.11588400000000001       -2.3282044636653365E-003
  0.11688300000000001       -2.6905122509583330E-003
  0.11788200000000001       -3.0522159837365376E-003
  0.11888100000000001       -3.4132201511253494E-003
  0.11988000000000001       -3.7734324262739855E-003
  0.12087900000000001       -4.1327635695842637E-003
  0.12187800000000001       -4.4911273347695005E-003
  0.12287700000000001       -4.8484403776863898E-003
  0.12387600000000001       -5.2046221678795643E-003
  0.12487500000000001       -5.5595949027776497E-003
  0.12587400000000001       -5.9132834244789954E-003
  0.12687300000000001       -6.2656151390648859E-003
  0.12787200000000001       -6.6165199383756944E-003
  0.12887100000000001       -6.9659301241888653E-003
  0.12987000000000001       -7.3137803347337110E-003
  0.13086900000000001       -7.6600074734823002E-003
  0.13186800000000001       -8.0045506401524701E-003
  0.13286700000000001       -8.3473510638628311E-003
  0.13386600000000001       -8.6883520383774504E-003
  0.13486500000000001       -9.0274988593826693E-003
  0.13586400000000001       -9.3647387637336918E-003
  0.13686300000000001       -9.7000208706162980E-003
  0.13786200000000001       -1.0033296124564757E-002
  0.13886100000000001       -1.0364517240280558E-002
  0.13986000000000001       -1.0693638649198086E-002
  0.14085900000000001       -1.1020616447743018E-002
  0.14185800000000001       -1.1345408347232324E-002
  0.14285700000000001       -1.1667973625363568E-002
  0.14385600000000001       -1.1988273079245972E-002
  0.14485500000000001       -1.2306268979922427E-002
  0.14585400000000001       -1.2621925028337975E-002
  0.14685300000000001       -1.2935206312706978E-002
  0.14785200000000001       -1.3246079267235795E-002
  0.14885100000000001       -1.3554511632155984E-002
  0.14985000000000001       -1.3860472415028980E-002
  0.15084900000000001       -1.4163931853277618E-002
  0.15184800000000001       -1.4464861377908511E-002
  0.15284700000000001       -1.4763233578383770E-002
  0.15384600000000001       -1.5059022168607238E-002
  0.15484500000000001       -1.5352201953986901E-002
  0.15584400000000001       -1.5642748799541077E-002
  0.15684300000000001       -1.5930639599010858E-002
  0.15784200000000001       -1.6215852244950178E-002
  0.15884100000000001       -1.6498365599757168E-002
  0.15984000000000001       -1.6778159467619912E-002
  0.16083900000000001       -1.7055214567343858E-002
  0.16183800000000001       -1.7329512506033991E-002
  0.16283700000000001       -1.7601035753601967E-002
  0.16383600000000001       -1.7869767618073018E-002
  0.16483500000000001       -1.8135692221664595E-002
  0.16583400000000001       -1.8398794477613386E-002
  0.16683300000000001       -1.8659060067723769E-002
  0.16783200000000001       -1.8916475420616707E-002
  0.16883100000000001       -1.9171027690654329E-002
  0.16983000000000001       -1.9422704737517716E-002
  0.17082900000000001       -1.9671495106419152E-002
  0.17182800000000001       -1.9917388008924820E-002
  0.17282700000000001       -2.0160373304369612E-002
  0.17382600000000001       -2.0400441481845204E-002
  0.17482500000000001       -2.0637583642741278E-002
  0.17582400000000001       -2.0871791483822823E-002
  0.17682300000000001       -2.1103057280826162E-002
  0.17782200000000001       -2.1331373872555220E-002
  0.17882100000000001       -2.1556734645464745E-002
  0.17982000000000001       -2.1779133518710993E-002
  0.18081900000000001       -2.1998564929658133E-002
  0.18181800000000001       -2.2215023819823019E-002
  0.18281700000000001       -2.2428505621245220E-002
  0.18381600000000001       -2.2639006243269696E-002
  0.18481500000000001       -2.2846522059725542E-002
  0.18581400000000001       -2.3051049896492311E-002
  0.18681300000000001       -2.3252587019437096E-002
  0.18781200000000001       -2.3451131122714720E-002
  0.18881100000000001       -2.3646680317414466E-002
  0.18981000000000001       -2.3839233120548364E-002
  0.19080900000000001       -2.4028788444363524E-002
  0.19180800000000003       -2.4215345585973779E-002
  0.19280700000000003       -2.4398904217296395E-002
  0.19380600000000003       -2.4579464375286665E-002
  0.19480500000000003       -2.4757026452459800E-002
  0.19580400000000003       -2.4931591187691091E-002
  0.19680300000000003       -2.5103159657285923E-002
  0.19780200000000003       -2.5271733266310673E-002
  0.19880100000000003       -2.5437313740176045E-002
  0.19980000000000003       -2.5599903116466288E-002
  0.20079900000000003       -2.5759503737004259E-002
  0.20179800000000003       -2.5916118240147518E-002
  0.20279700000000003       -2.6069749553305297E-002
  0.20379600000000003       -2.6220400885672755E-002
  0.20479500000000003       -2.6368075721173109E-002
  0.20579400000000003       -2.6512777811601319E-002
  0.20679300000000003       -2.6654511169965932E-002
  0.20779200000000003       -2.6793280064018606E-002
  0.20879100000000003       -2.6929089009968345E-002
  0.20979000000000003       -2.7061942766375763E-002
  0.21078900000000003       -2.7191846328216716E-002
  0.21178800000000003       -2.7318804921116924E-002
  0.21278700000000003       -2.7442823995746997E-002
  0.21378600000000003       -2.7563909222375105E-002
  0.21478500000000003       -2.7682066485572747E-002
  0.21578400000000003       -2.7797301879067590E-002
  0.21678300000000003       -2.7909621700740215E-002
  0.21778200000000003       -2.8019032447760744E-002
  0.21878100000000003       -2.8125540811857450E-002
  0.21978000000000003       -2.8229153674719499E-002
  0.22077900000000003       -2.8329878103524095E-002
  0.22177800000000003       -2.8427721346586964E-002
  0.22277700000000003       -2.8522690829133356E-002
  0.22377600000000003       -2.8614794149182277E-002
  0.22477500000000003       -2.8704039073545257E-002
  0.22577400000000003       -2.8790433533932059E-002
  0.22677300000000003       -2.8873985623163092E-002
  0.22777200000000003       -2.8954703591483687E-002
  0.22877100000000003       -2.9032595842977651E-002
  0.22977000000000003       -2.9107670932077133E-002
  0.23076900000000003       -2.9179937560166385E-002
  0.23176800000000003       -2.9249404572275730E-002
  0.23276700000000003       -2.9316080953864457E-002
  0.23376600000000003       -2.9379975827686883E-002
  0.23476500000000003       -2.9441098450745315E-002
  0.23576400000000003       -2.9499458211319062E-002
  0.23676300000000003       -2.9555064626074472E-002
  0.23776200000000003       -2.9607927337250459E-002
  0.23876100000000003       -2.9658056109915936E-002
  0.23976000000000003       -2.9705460829300832E-002
  0.24075900000000003       -2.9750151498194939E-002
  0.24175800000000003       -2.9792138234415455E-002
  0.24275700000000003       -2.9831431268338253E-002
  0.24375600000000003       -2.9868040940494056E-002
  0.24475500000000003       -2.9901977699225684E-002
  0.24575400000000003       -2.9933252098405333E-002
  0.24675300000000003       -2.9961874795209807E-002
  0.24775200000000003       -2.9987856547952132E-002
  0.24875100000000003       -3.0011208213968511E-002
  0.24975000000000003       -3.0031940747558307E-002
  0.25074900000000000       -3.0050065197975203E-002
  0.25174800000000003       -3.0065592707469627E-002
  0.25274700000000000       -3.0078534509379112E-002
  0.25374600000000003       -3.0088901926266315E-002
  0.25474500000000000       -3.0096706368103791E-002
  0.25574400000000003       -3.0101959330502522E-002
  0.25674300000000005       -3.0104672392983998E-002
  0.25774200000000003       -3.0104857217295965E-002
  0.25874100000000005       -3.0102525545766791E-002
  0.25974000000000003       -3.0097689199702213E-002
  0.26073900000000005       -3.0090360077818856E-002
  0.26173800000000003       -3.0080550154716841E-002
  0.26273700000000005       -3.0068271479387575E-002
  0.26373600000000003       -3.0053536173758999E-002
  0.26473500000000005       -3.0036356431273389E-002
  0.26573400000000003       -3.0016744515499832E-002
  0.26673300000000005       -2.9994712758779171E-002
  0.26773200000000003       -2.9970273560900654E-002
  0.26873100000000005       -2.9943439387809287E-002
  0.26973000000000003       -2.9914222770343224E-002
  0.27072900000000005       -2.9882636303000139E-002
  0.27172800000000003       -2.9848692642732051E-002
  0.27272700000000005       -2.9812404507767717E-002
  0.27372600000000002       -2.9773784676461409E-002
  0.27472500000000005       -2.9732845986168075E-002
  0.27572400000000002       -2.9689601332142969E-002
  0.27672300000000005       -2.9644063666467456E-002
  0.27772200000000002       -2.9596245996996610E-002
  0.27872100000000005       -2.9546161386331173E-002
  0.27972000000000002       -2.9493822950812112E-002
  0.28071900000000005       -2.9439243859536484E-002
  0.28171800000000002       -2.9382437333395323E-002
  0.28271700000000005       -2.9323416644131007E-002
  0.28371600000000002       -2.9262195113416170E-002
  0.28471500000000005       -2.9198786111950852E-002
  0.28571400000000002       -2.9133203058579808E-002
  0.28671300000000005       -2.9065459419426752E-002
  0.28771200000000002       -2.8995568707048766E-002
  0.28871100000000005       -2.8923544479605160E-002
  0.28971000000000002       -2.8849400340046513E-002
  0.29070900000000005       -2.8773149935316569E-002
  0.29170800000000002       -2.8694806955573891E-002
  0.29270700000000005       -2.8614385133426425E-002
  0.29370600000000002       -2.8531898243180913E-002
  0.29470500000000005       -2.8447360100109884E-002
  0.29570400000000002       -2.8360784559728805E-002
  0.29670300000000005       -2.8272185517090685E-002
  0.29770200000000002       -2.8181576906091414E-002
  0.29870100000000005       -2.8088972698789769E-002
  0.29970000000000002       -2.7994386904739491E-002
  0.30069900000000005       -2.7897833570333801E-002
  0.30169800000000002       -2.7799326778160646E-002
  0.30269700000000005       -2.7698880646371819E-002
  0.30369600000000002       -2.7596509328061434E-002
  0.30469500000000005       -2.7492227010655720E-002
  0.30569400000000002       -2.7386047915314248E-002
  0.30669300000000005       -2.7277986296339388E-002
  0.30769200000000002       -2.7168056440598453E-002
  0.30869100000000005       -2.7056272666952878E-002
  0.30969000000000002       -2.6942649325698870E-002
  0.31068900000000005       -2.6827200798015319E-002
  0.31168800000000002       -2.6709941495421618E-002
  0.31268700000000005       -2.6590885859244195E-002
  0.31368600000000002       -2.6470048360090124E-002
  0.31468500000000005       -2.6347443497329526E-002
  0.31568400000000002       -2.6223085798586006E-002
  0.31668300000000005       -2.6096989819233456E-002
  0.31768200000000002       -2.5969170141901244E-002
  0.31868100000000005       -2.5839641375986266E-002
  0.31968000000000002       -2.5708418157170319E-002
  0.32067900000000005       -2.5575515146946764E-002
  0.32167800000000002       -2.5440947032150218E-002
  0.32267700000000005       -2.5304728524495782E-002
  0.32367600000000002       -2.5166874360121307E-002
  0.32467500000000005       -2.5027399299136860E-002
  0.32567400000000002       -2.4886318125179586E-002
  0.32667300000000005       -2.4743645644973358E-002
  0.32767200000000002       -2.4599396687894754E-002
  0.32867100000000005       -2.4453586105541443E-002
  0.32967000000000002       -2.4306228771308787E-002
  0.33066900000000005       -2.4157339579968091E-002
  0.33166800000000002       -2.4006933447250859E-002
  0.33266700000000005       -2.3855025309436378E-002
  0.33366600000000002       -2.3701630122944000E-002
  0.33466500000000005       -2.3546762863929822E-002
  0.33566400000000002       -2.3390438527885145E-002
  0.33666300000000005       -2.3232672129240465E-002
  0.33766200000000002       -2.3073478700972306E-002
  0.33866100000000005       -2.2912873294213050E-002
  0.33966000000000002       -2.2750870977864001E-002
  0.34065900000000005       -2.2587486838211528E-002
  0.34165800000000002       -2.2422735978546340E-002
  0.34265700000000004       -2.2256633518785148E-002
  0.34365600000000002       -2.2089194595094296E-002
  0.34465500000000004       -2.1920434359517734E-002
  0.34565400000000002       -2.1750367979604657E-002
  0.34665300000000004       -2.1579010638041733E-002
  0.34765200000000002       -2.1406377532286434E-002
  0.34865100000000004       -2.1232483874201152E-002
  0.34965000000000002       -2.1057344889691680E-002
  0.35064900000000004       -2.0880975818345197E-002
  0.35164800000000002       -2.0703391913070773E-002
  0.35264700000000004       -2.0524608439741257E-002
  0.35364600000000002       -2.0344640676836605E-002
  0.35464500000000004       -2.0163503915087710E-002
  0.35564400000000002       -1.9981213457122921E-002
  0.35664300000000004       -1.9797784617114185E-002
  0.35764200000000002       -1.9613232720424693E-002
  0.35864100000000004       -1.9427573103257420E-002
  0.35964000000000002       -1.9240821112304067E-002
  0.36063900000000004       -1.9052992104395126E-002
  0.36163800000000001       -1.8864101446150489E-002
  0.36263700000000004       -1.8674164513629347E-002
  0.36363600000000001       -1.8483196691982815E-002
  0.36463500000000004       -1.8291213375103751E-002
  0.36563400000000001       -1.8098229965280193E-002
  0.36663300000000004       -1.7904261872845207E-002
  0.36763200000000001       -1.7709324515829999E-002
  0.36863100000000004       -1.7513433319615287E-002
  0.36963000000000001       -1.7316603716582498E-002
  0.37062900000000004       -1.7118851145765397E-002
  0.37162800000000001       -1.6920191052500578E-002
  0.37262700000000004       -1.6720638888078430E-002
  0.37362600000000001       -1.6520210109393006E-002
  0.37462500000000004       -1.6318920178591715E-002
  0.37562400000000001       -1.6116784562723727E-002
  0.37662300000000004       -1.5913818733388593E-002
  0.37762200000000001       -1.5710038166383410E-002
  0.37862100000000004       -1.5505458341349369E-002
  0.37962000000000001       -1.5300094741417530E-002
  0.38061900000000004       -1.5093962852852782E-002
  0.38161800000000001       -1.4887078164698168E-002
  0.38261700000000004       -1.4679456168416986E-002
  0.38361600000000007       -1.4471112357533625E-002
  0.38461500000000004       -1.4262062227274009E-002
  0.38561400000000007       -1.4052321274203985E-002
  0.38661300000000004       -1.3841904995866162E-002
  0.38761200000000007       -1.3630828890416419E-002
  0.38861100000000004       -1.3419108456257378E-002
  0.38961000000000007       -1.3206759191671247E-002
  0.39060900000000004       -1.2993796594451034E-002
  0.39160800000000007       -1.2780236161529426E-002
  0.39260700000000004       -1.2566093388606918E-002
  0.39360600000000007       -1.2351383769776519E-002
  0.39460500000000004       -1.2136122797148392E-002
  0.39560400000000007       -1.1920325960471418E-002
  0.39660300000000004       -1.1704008746752639E-002
  0.39760200000000007       -1.1487186639876371E-002
  0.39860100000000004       -1.1269875120217966E-002
  0.39960000000000007       -1.1052089664258920E-002
  0.40059900000000004       -1.0833845744197551E-002
  0.40159800000000007       -1.0615158827558280E-002
  0.40259700000000004       -1.0396044376798124E-002
  0.40359600000000007       -1.0176517848911047E-002
  0.40459500000000004       -9.9565946950301611E-003
  0.40559400000000007       -9.7362903600273915E-003
  0.40659300000000004       -9.5156202821096506E-003
  0.40759200000000007       -9.2945998924137685E-003
  0.40859100000000004       -9.0732446145985017E-003
  0.40959000000000007       -8.8515698644328449E-003
  0.41058900000000004       -8.6295910493833766E-003
  0.41158800000000006       -8.4073235681966021E-003
  0.41258700000000004       -8.1847828104811282E-003
  0.41358600000000006       -7.9619841562849538E-003
  0.41458500000000004       -7.7389429756702776E-003
  0.41558400000000006       -7.5156746282858634E-003
  0.41658300000000004       -7.2921944629365087E-003
  0.41758200000000006       -7.0685178171484156E-003
  0.41858100000000004       -6.8446600167329386E-003
  0.41958000000000006       -6.6206363753459506E-003
  0.42057900000000004       -6.3964621940447268E-003
  0.42157800000000006       -6.1721527608414404E-003
  0.42257700000000004       -5.9477233502534792E-003
  0.42357600000000006       -5.7231892228506078E-003
  0.42457500000000004       -5.4985656247984816E-003
  0.42557400000000006       -5.2738677873988282E-003
  0.42657300000000004       -5.0491109266264673E-003
  0.42757200000000006       -4.8243102426630269E-003
  0.42857100000000004       -4.5994809194260522E-003
  0.42957000000000006       -4.3746381240969299E-003
  0.43056900000000004       -4.1497970066423015E-003
  0.43156800000000006       -3.9249726993340738E-003
  0.43256700000000003       -3.7001803162652947E-003
  0.43356600000000006       -3.4754349528616103E-003
  0.43456500000000003       -3.2507516853896813E-003
  0.43556400000000006       -3.0261455704621433E-003
  0.43656300000000003       -2.8016316445378525E-003
  0.43756200000000006       -2.5772249234191744E-003
  0.43856100000000003       -2.3529404017451319E-003
  0.43956000000000006       -2.1287930524802072E-003
  0.44055900000000003       -1.9047978264002347E-003
  0.44155800000000006       -1.6809696515732845E-003
  0.44255700000000003       -1.4573234328376327E-003
  0.44355600000000006       -1.2338740512745458E-003
  0.44455500000000003       -1.0106363636778913E-003
  0.44555400000000006       -7.8762520201969505E-004
  0.44655300000000003       -5.6485537291074911E-004
  0.44755200000000006       -3.4234165705795592E-004
  0.44855100000000003       -1.2009880871755046E-004
  0.44955000000000006        1.0185844485700548E-004
  0.45054900000000003        3.2351540397013265E-004
  0.45154800000000006        5.4485739704377507E-004
  0.45254700000000003        7.6586978118151755E-004
  0.45354600000000006        9.8653794273775180E-004
  0.45454500000000003        1.2068472978890756E-003
  0.45554400000000006        1.4267832932126315E-003
  0.45654300000000003        1.6463314062665044E-003
  0.45754200000000006        1.8654771461766955E-003
  0.45854100000000003        2.0842060542265711E-003
  0.45954000000000006        2.3025037044520674E-003
  0.46053900000000003        2.5203557042408368E-003
  0.46153800000000006        2.7377476949366165E-003
  0.46253700000000003        2.9546653524463624E-003
  0.46353600000000006        3.1710943878543764E-003
  0.46453500000000003        3.3870205480391927E-003
  0.46553400000000006        3.6024296162960588E-003
  0.46653300000000003        3.8173074129628512E-003
  0.46753200000000006        4.0316397960525451E-003
  0.46853100000000003        4.2454126618884655E-003
  0.46953000000000006        4.4586119457451778E-003
  0.47052900000000003        4.6712236224944513E-003
  0.47152800000000006        4.8832337072546063E-003
  0.47252700000000003        5.0946282560461213E-003
  0.47352600000000006        5.3053933664510139E-003
  0.47452500000000003        5.5155151782772943E-003
  0.47552400000000006        5.7249798742283640E-003
  0.47652300000000003        5.9337736805769453E-003
  0.47752200000000006        6.1418828678441589E-003
  0.47852100000000003        6.3492937514833354E-003
  0.47952000000000006        6.5559926925683864E-003
  0.48051900000000003        6.7619660984874277E-003
  0.48151800000000006        6.9672004236413336E-003
  0.48251700000000003        7.1716821701463922E-003
  0.48351600000000006        7.3753978885435752E-003
  0.48451500000000003        7.5783341785109161E-003
  0.48551400000000006        7.7804776895814961E-003
  0.48651300000000003        7.9818151218664490E-003
  0.48751200000000006        8.1823332267836196E-003
  0.48851100000000003        8.3820188077893716E-003
  0.48951000000000006        8.5808587211174056E-003
  0.49050900000000003        8.7788398765210069E-003
  0.49150800000000006        8.9759492380210078E-003
  0.49250700000000003        9.1721738246587584E-003
  0.49350600000000006        9.3675007112538605E-003
  0.49450500000000003        9.5619170291667659E-003
  0.49550400000000006        9.7554099670665272E-003
  0.49650300000000003        9.9479667717041510E-003
  0.49750200000000006        1.0139574748689602E-002
  0.49850100000000003        1.0330221263275059E-002
  0.49950000000000006        1.0519893741142415E-002
  0.50049900000000003        1.0708579669196526E-002
  0.50149800000000000        1.0896266596362288E-002
  0.50249700000000008        1.1082942134387935E-002
  0.50349600000000005        1.1268593958652439E-002
  0.50449500000000003        1.1453209808978437E-002
  0.50549400000000000        1.1636777490449886E-002
  0.50649300000000008        1.1819284874234646E-002
  0.50749200000000005        1.2000719898412133E-002
  0.50849100000000003        1.2181070568805866E-002
  0.50949000000000000        1.2360324959821017E-002
  0.51048900000000008        1.2538471215286799E-002
  0.51148800000000005        1.2715497549303977E-002
  0.51248700000000003        1.2891392247096636E-002
  0.51348600000000011        1.3066143665869862E-002
  0.51448500000000008        1.3239740235671753E-002
  0.51548400000000005        1.3412170460259535E-002
  0.51648300000000003        1.3583422917971908E-002
  0.51748200000000011        1.3753486262605471E-002
  0.51848100000000008        1.3922349224295829E-002
  0.51948000000000005        1.4090000610403738E-002
  0.52047900000000002        1.4256429306405780E-002
  0.52147800000000011        1.4421624276790191E-002
  0.52247700000000008        1.4585574565956615E-002
  0.52347600000000005        1.4748269299121443E-002
  0.52447500000000002        1.4909697683226891E-002
  0.52547400000000011        1.5069849007855683E-002
  0.52647300000000008        1.5228712646149032E-002
  0.52747200000000005        1.5386278055730462E-002
  0.52847100000000002        1.5542534779633193E-002
  0.52947000000000011        1.5697472447232713E-002
  0.53046900000000008        1.5851080775182880E-002
  0.53146800000000005        1.6003349568357479E-002
  0.53246700000000002        1.6154268720795388E-002
  0.53346600000000011        1.6303828216649916E-002
  0.53446500000000008        1.6452018131143401E-002
  0.53546400000000005        1.6598828631524679E-002
  0.53646300000000002        1.6744249978032120E-002
  0.53746200000000011        1.6888272524859315E-002
  0.53846100000000008        1.7030886721126202E-002
  0.53946000000000005        1.7172083111852806E-002
  0.54045900000000002        1.7311852338938692E-002
  0.54145800000000011        1.7450185142144522E-002
  0.54245700000000008        1.7587072360078334E-002
  0.54345600000000005        1.7722504931185934E-002
  0.54445500000000002        1.7856473894743957E-002
  0.54545400000000011        1.7988970391857626E-002
  0.54645300000000008        1.8119985666461544E-002
  0.54745200000000005        1.8249511066323651E-002
  0.54845100000000002        1.8377538044053777E-002
  0.54945000000000010        1.8504058158114272E-002
  0.55044900000000008        1.8629063073834391E-002
  0.55144800000000005        1.8752544564428646E-002
  0.55244700000000002        1.8874494512016639E-002
  0.55344600000000010        1.8994904908647494E-002
  0.55444500000000008        1.9113767857326523E-002
  0.55544400000000005        1.9231075573044709E-002
  0.55644300000000002        1.9346820383811247E-002
  0.55744200000000010        1.9460994731688677E-002
  0.55844100000000008        1.9573591173830129E-002
  0.55944000000000005        1.9684602383520045E-002
  0.56043900000000002        1.9794021151216451E-002
  0.56143800000000010        1.9901840385595487E-002
  0.56243700000000008        2.0008053114598686E-002
  0.56343600000000005        2.0112652486482259E-002
  0.56443500000000002        2.0215631770867389E-002
  0.56543400000000010        2.0316984359793674E-002
  0.56643300000000008        2.0416703768773331E-002
  0.56743200000000005        2.0514783637847346E-002
  0.56843100000000002        2.0611217732643267E-002
  0.56943000000000010        2.0705999945433845E-002
  0.57042900000000007        2.0799124296197534E-002
  0.57142800000000005        2.0890584933679315E-002
  0.57242700000000002        2.0980376136453170E-002
  0.57342600000000010        2.1068492313985030E-002
  0.57442500000000007        2.1154928007696250E-002
  0.57542400000000005        2.1239677892027950E-002
  0.57642300000000002        2.1322736775505207E-002
  0.57742200000000010        2.1404099601802215E-002
  0.57842100000000007        2.1483761450806538E-002
  0.57942000000000005        2.1561717539684316E-002
  0.58041900000000002        2.1637963223944200E-002
  0.58141800000000010        2.1712493998501507E-002
  0.58241700000000007        2.1785305498741393E-002
  0.58341600000000005        2.1856393501581802E-002
  0.58441500000000002        2.1925753926534265E-002
  0.58541400000000010        2.1993382836765381E-002
  0.58641300000000007        2.2059276440154867E-002
  0.58741200000000005        2.2123431090353880E-002
  0.58841100000000002        2.2185843287840429E-002
  0.58941000000000010        2.2246509680973501E-002
  0.59040900000000007        2.2305427067044862E-002
  0.59140800000000004        2.2362592393328395E-002
  0.59240700000000002        2.2418002758127189E-002
  0.59340600000000010        2.2471655411817532E-002
  0.59440500000000007        2.2523547757890314E-002
  0.59540400000000004        2.2573677353988884E-002
  0.59640300000000002        2.2622041912943699E-002
  0.59740200000000010        2.2668639303803136E-002
  0.59840100000000007        2.2713467552860599E-002
  0.59940000000000004        2.2756524844677245E-002
  0.60039900000000002        2.2797809523100638E-002
  0.60139800000000010        2.2837320092278533E-002
  0.60239700000000007        2.2875055217667632E-002
  0.60339600000000004        2.2911013727037521E-002
  0.60439500000000002        2.2945194611469013E-002
  0.60539400000000010        2.2977597026346677E-002
  0.60639300000000007        2.3008220292345751E-002
  0.60739200000000004        2.3037063896412316E-002
  0.60839100000000002        2.3064127492737185E-002
  0.60939000000000010        2.3089410903723396E-002
  0.61038900000000007        2.3112914120945266E-002
  0.61138800000000004        2.3134637306101942E-002
  0.61238700000000001        2.3154580791961168E-002
  0.61338600000000010        2.3172745083296750E-002
  0.61438500000000007        2.3189130857816424E-002
  0.61538400000000004        2.3203738967081593E-002
  0.61638300000000001        2.3216570437418184E-002
  0.61738200000000010        2.3227626470817650E-002
  0.61838100000000007        2.3236908445828673E-002
  0.61938000000000004        2.3244417918438634E-002
  0.62037900000000001        2.3250156622944926E-002
  0.62137800000000010        2.3254126472815079E-002
  0.62237700000000007        2.3256329561536174E-002
  0.62337600000000004        2.3256768163452863E-002
  0.62437500000000001        2.3255444734592873E-002
  0.62537400000000010        2.3252361913481144E-002
  0.62637300000000007        2.3247522521940678E-002
  0.62737200000000004        2.3240929565880718E-002
  0.62837100000000001        2.3232586236071447E-002
  0.62937000000000010        2.3222495908904638E-002
  0.63036900000000007        2.3210662147140616E-002
  0.63136800000000004        2.3197088700639971E-002
  0.63236700000000001        2.3181779507080561E-002
  0.63336600000000010        2.3164738692658990E-002
  0.63436500000000007        2.3145970572776044E-002
  0.63536400000000004        2.3125479652705824E-002
  0.63636300000000001        2.3103270628247928E-002
  0.63736200000000010        2.3079348386362886E-002
  0.63836100000000007        2.3053718005788974E-002
  0.63936000000000004        2.3026384757641481E-002
  0.64035900000000012        2.2997354105993306E-002
  0.64135800000000009        2.2966631708436078E-002
  0.64235700000000007        2.2934223416621779E-002
  0.64335600000000004        2.2900135276784285E-002
  0.64435500000000012        2.2864373530240345E-002
  0.64535400000000009        2.2826944613869103E-002
  0.64635300000000007        2.2787855160570546E-002
  0.64735200000000004        2.2747111999701163E-002
  0.64835100000000012        2.2704722157487308E-002
  0.64935000000000009        2.2660692857415333E-002
  0.65034900000000007        2.2615031520597892E-002
  0.65134800000000004        2.2567745766115754E-002
  0.65234700000000012        2.2518843411335383E-002
  0.65334600000000009        2.2468332472200328E-002
  0.65434500000000007        2.2416221163497254E-002
  0.65534400000000004        2.2362517899095262E-002
  0.65634300000000012        2.2307231292158204E-002
  0.65734200000000009        2.2250370155328866E-002
  0.65834100000000007        2.2191943500885727E-002
  0.65934000000000004        2.2131960540870129E-002
  0.66033900000000012        2.2070430687184221E-002
  0.66133800000000009        2.2007363551659245E-002
  0.66233700000000006        2.1942768946092310E-002
  0.66333600000000004        2.1876656882252987E-002
  0.66433500000000012        2.1809037571856947E-002
  0.66533400000000009        2.1739921426507925E-002
  0.66633300000000006        2.1669319057605930E-002
  0.66733200000000004        2.1597241276222118E-002
  0.66833100000000012        2.1523699092939032E-002
  0.66933000000000009        2.1448703717655643E-002
  0.67032900000000006        2.1372266559357023E-002
  0.67132800000000004        2.1294399225847391E-002
  0.67232700000000012        2.1215113523446162E-002
  0.67332600000000009        2.1134421456646325E-002
  0.67432500000000006        2.1052335227734451E-002
  0.67532400000000004        2.0968867236371629E-002
  0.67632300000000012        2.0884030079134783E-002
  0.67732200000000009        2.0797836549017557E-002
  0.67832100000000006        2.0710299634890000E-002
  0.67932000000000003        2.0621432520916558E-002
  0.68031900000000012        2.0531248585931680E-002
  0.68131800000000009        2.0439761402772229E-002
  0.68231700000000006        2.0346984737565969E-002
  0.68331600000000003        2.0252932548975557E-002
  0.68431500000000012        2.0157618987397291E-002
  0.68531400000000009        2.0061058394113998E-002
  0.68631300000000006        1.9963265300401000E-002
  0.68731200000000003        1.9864254426585026E-002
  0.68831100000000012        1.9764040681054782E-002
  0.68931000000000009        1.9662639159223037E-002
  0.69030900000000006        1.9560065142438868E-002
  0.69130800000000003        1.9456334096850079E-002
  0.69230700000000012        1.9351461672214413E-002
  0.69330600000000009        1.9245463700659195E-002
  0.69430500000000006        1.9138356195389068E-002
  0.69530400000000003        1.9030155349339939E-002
  0.69630300000000012        1.8920877533779929E-002
  0.69730200000000009        1.8810539296855409E-002
  0.69830100000000006        1.8699157362082247E-002
  0.69930000000000003        1.8586748626780981E-002
  0.70029900000000012        1.8473330160455458E-002
  0.70129800000000009        1.8358919203114606E-002
  0.70229700000000006        1.8243533163535816E-002
  0.70329600000000003        1.8127189617470282E-002
  0.70429500000000012        1.8009906305788539E-002
  0.70529400000000009        1.7891701132566634E-002
  0.70629300000000006        1.7772592163111195E-002
  0.70729200000000003        1.7652597621923845E-002
  0.70829100000000011        1.7531735890603119E-002
  0.70929000000000009        1.7410025505684400E-002
  0.71028900000000006        1.7287485156416406E-002
  0.71128800000000003        1.7164133682473968E-002
  0.71228700000000011        1.7039990071606462E-002
  0.71328600000000009        1.6915073457221357E-002
  0.71428500000000006        1.6789403115901960E-002
  0.71528400000000003        1.6662998464859271E-002
  0.71628300000000011        1.6535879059316996E-002
  0.71728200000000009        1.6408064589829414E-002
  0.71828100000000006        1.6279574879531297E-002
  0.71928000000000003        1.6150429881319695E-002
  0.72027900000000011        1.6020649674966858E-002
  0.72127800000000009        1.5890254464163943E-002
  0.72227700000000006        1.5759264573494688E-002
  0.72327600000000003        1.5627700445339239E-002
  0.72427500000000011        1.5495582636707139E-002
  0.72527400000000009        1.5362931815999356E-002
  0.72627300000000006        1.5229768759698713E-002
  0.72727200000000003        1.5096114348988674E-002
  0.72827100000000011        1.4961989566300044E-002
  0.72927000000000008        1.4827415491785000E-002
  0.73026900000000006        1.4692413299718489E-002
  0.73126800000000003        1.4557004254826599E-002
  0.73226700000000011        1.4421209708541608E-002
  0.73326600000000008        1.4285051095183696E-002
  0.73426500000000006        1.4148549928068820E-002
  0.73526400000000003        1.4011727795542819E-002
  0.73626300000000011        1.3874606356941720E-002
  0.73726200000000008        1.3737207338477869E-002
  0.73826100000000006        1.3599552529052044E-002
  0.73926000000000003        1.3461663775991492E-002
  0.74025900000000011        1.3323562980713889E-002
  0.74125800000000008        1.3185272094317200E-002
  0.74225700000000006        1.3046813113095778E-002
  0.74325600000000003        1.2908208073982413E-002
  0.74425500000000011        1.2769479049917003E-002
  0.74525400000000008        1.2630648145141752E-002
  0.74625300000000006        1.2491737490423047E-002
  0.74725200000000003        1.2352769238200768E-002
  0.74825100000000011        1.2213765557664864E-002
  0.74925000000000008        1.2074748629760079E-002
  0.75024900000000005        1.1935740642118678E-002
  0.75124800000000003        1.1796763783922457E-002
  0.75224700000000011        1.1657840240693728E-002
  0.75324600000000008        1.1518992189016749E-002
  0.75424500000000005        1.1380241791189277E-002
  0.75524400000000003        1.1241611189805994E-002
  0.75624300000000011        1.1103122502273710E-002
  0.75724200000000008        1.0964797815259801E-002
  0.75824100000000005        1.0826659179074199E-002
  0.75924000000000003        1.0688728601986419E-002
  0.76023900000000011        1.0551028044478286E-002
  0.76123800000000008        1.0413579413433545E-002
  0.76223700000000005        1.0276404556265472E-002
  0.76323600000000003        1.0139525254983709E-002
  0.76423500000000011        1.0002963220201614E-002
  0.76523400000000008        9.8667400850854566E-003
  0.76623300000000005        9.7308773992467387E-003
  0.76723200000000014        9.5953966225793587E-003
  0.76823100000000011        9.4603191190430515E-003
  0.76923000000000008        9.3256661503947069E-003
  0.77022900000000005        9.1914588698692613E-003
  0.77122800000000014        9.0577183158120980E-003
  0.77222700000000011        8.9244654052647188E-003
  0.77322600000000008        8.7917209275054590E-003
  0.77422500000000005        8.6595055375476189E-003
  0.77522400000000014        8.5278397495968088E-003
  0.77622300000000011        8.3967439304699666E-003
  0.77722200000000008        8.2662382929779270E-003
  0.77822100000000005        8.1363428892743464E-003
  0.77922000000000013        8.0070776041731018E-003
  0.78021900000000011        7.8784621484369356E-003
  0.78121800000000008        7.7505160520396146E-003
  0.78221700000000005        7.6232586574047018E-003
  0.78321600000000013        7.4967091126234842E-003
  0.78421500000000011        7.3708863646551395E-003
  0.78521400000000008        7.2458091525116992E-003
  0.78621300000000005        7.1214960004315061E-003
  0.78721200000000013        6.9979652110437338E-003
  0.78821100000000011        6.8752348585276579E-003
  0.78921000000000008        6.7533227817696394E-003
  0.79020900000000005        6.6322465775216586E-003
  0.79120800000000013        6.5120235935645669E-003
  0.79220700000000011        6.3926709218799982E-003
  0.79320600000000008        6.2742053918342826E-003
  0.79420500000000005        6.1566435633786856E-003
  0.79520400000000013        6.0400017202693369E-003
  0.79620300000000011        5.9242958633113256E-003
  0.79720200000000008        5.8095417036306673E-003
  0.79820100000000005        5.6957546559786151E-003
  0.79920000000000013        5.5829498320724728E-003
  0.80019900000000010        5.4711420339773947E-003
  0.80119800000000008        5.3603457475333198E-003
  0.80219700000000005        5.2505751358321619E-003
  0.80319600000000013        5.1418440327493115E-003
  0.80419500000000010        5.0341659365346920E-003
  0.80519400000000008        4.9275540034677771E-003
  0.80619300000000005        4.8220210415818622E-003
  0.80719200000000013        4.7175795044623074E-003
  0.80819100000000010        4.6142414851241074E-003
  0.80919000000000008        4.5120187099736220E-003
  0.81018900000000005        4.4109225328601183E-003
  0.81118800000000013        4.3109639292222045E-003
  0.81218700000000010        4.2121534903346398E-003
  0.81318600000000008        4.1145014176610650E-003
  0.81418500000000005        4.0180175173181280E-003
  0.81518400000000013        3.9227111946568390E-003
  0.81618300000000010        3.8285914489666834E-003
  0.81718200000000007        3.7356668683083123E-003
  0.81818100000000005        3.6439456244808047E-003
  0.81918000000000013        3.5534354681292808E-003
  0.82017900000000010        3.4641437239989526E-003
  0.82117800000000007        3.3760772863414760E-003
  0.82217700000000005        3.2892426144799755E-003
  0.82317600000000013        3.2036457285386762E-003
  0.82417500000000010        3.1192922053434337E-003
  0.82517400000000007        3.0361871744993656E-003
  0.82617300000000005        2.9543353146519562E-003
  0.82717200000000013        2.8737408499379118E-003
  0.82817100000000010        2.7944075466321558E-003
  0.82917000000000007        2.7163387099973261E-003
  0.83016900000000005        2.6395371813423231E-003
  0.83116800000000013        2.5640053352962385E-003
  0.83216700000000010        2.4897450773042938E-003
  0.83316600000000007        2.4167578413521063E-003
  0.83416500000000005        2.3450445879249831E-003
  0.83516400000000013        2.2746058022087190E-003
  0.83616300000000010        2.2054414925383476E-003
  0.83716200000000007        2.1375511891014911E-003
  0.83816100000000004        2.0709339429027772E-003
  0.83916000000000013        2.0055883249958917E-003
  0.84015900000000010        1.9415124259897711E-003
  0.84115800000000007        1.8787038558353510E-003
  0.84215700000000004        1.8171597438994783E-003
  0.84315600000000013        1.7568767393323151E-003
  0.84415500000000010        1.6978510117347263E-003
  0.84515400000000007        1.6400782521318858E-003
  0.84615300000000004        1.5835536742596047E-003
  0.84715200000000013        1.5282720161694813E-003
  0.84815100000000010        1.4742275421591828E-003
  0.84915000000000007        1.4214140450339043E-003
  0.85014900000000004        1.3698248487051521E-003
  0.85114800000000013        1.3194528111327582E-003
  0.85214700000000010        1.2702903276160574E-003
  0.85314600000000007        1.2223293344399261E-003
  0.85414500000000004        1.1755613128814407E-003
  0.85514400000000013        1.1299772935826199E-003
  0.85614300000000010        1.0855678612947210E-003
  0.85714200000000007        1.0423231599992313E-003
  0.85814100000000004        1.0002328984107982E-003
  0.85914000000000013        9.5928635586688485E-004
  0.86013900000000010        9.1947238860896321E-004
  0.86113800000000007        8.8077943645968723E-004
  0.86213700000000004        8.4319552990038272E-004
  0.86313600000000013        8.0670829755289503E-004
  0.86413500000000010        7.7130497406954258E-004
  0.86513400000000007        7.3697240843465406E-004
  0.86613300000000004        7.0369707268089167E-004
  0.86713200000000012        6.7146507102315155E-004
  0.86813100000000010        6.4026214941252321E-004
  0.86913000000000007        6.1007370551230053E-004
  0.87012900000000004        5.8088479909774689E-004
  0.87112800000000012        5.5268016288068653E-004
  0.87212700000000010        5.2544421375960964E-004
  0.87312600000000007        4.9916106449531786E-004
  0.87412500000000004        4.7381453581168400E-004
  0.87512400000000012        4.4938816892030803E-004
  0.87612300000000010        4.2586523846728578E-004
  0.87712200000000007        4.0322876589945654E-004
  0.87812100000000004        3.8146153324682093E-004
  0.87912000000000012        3.6054609731683455E-004
  0.88011900000000010        3.4046480429547127E-004
  0.88111800000000007        3.2119980474887413E-004
  0.88211700000000004        3.0273306901844690E-004
  0.88311600000000012        2.8504640300103500E-004
  0.88411500000000010        2.6812146430471573E-004
  0.88511400000000007        2.5193977876935349E-004
  0.88611300000000004        2.3648275733983068E-004
  0.88711200000000012        2.2173171327832716E-004
  0.88811100000000009        2.0766787970055711E-004
  0.88911000000000007        1.9427242741923309E-004
  0.89010900000000004        1.8152648307636366E-004
  0.89110800000000012        1.6941114754418592E-004
  0.89210700000000009        1.5790751457268903E-004
  0.89310600000000007        1.4699668965970753E-004
  0.89410500000000004        1.3665980911757607E-004
  0.89510400000000012        1.2687805930818944E-004
  0.89610300000000009        1.1763269601614958E-004
  0.89710200000000007        1.0890506392741180E-004
  0.89810100000000015        1.0067661617856283E-004
  0.89910000000000012        9.2928933939470006E-005
  0.90009900000000009        8.5643745989639222E-005
  0.90109800000000007        7.8802948246216393E-005
  0.90209700000000015        7.2388623199083280E-005
  0.90309600000000012        6.6383059206084430E-005
  0.90409500000000009        6.0768769598980089E-005
  0.90509400000000007        5.5528511548366662E-005
  0.90609300000000015        5.0645304633475238E-005
  0.90709200000000012        4.6102449060559110E-005
  0.90809100000000009        4.1883543471475483E-005
  0.90909000000000006        3.7972502282149976E-005
  0.91008900000000015        3.4353572488844119E-005
  0.91108800000000012        3.1011349878641066E-005
  0.91208700000000009        2.7930794579297875E-005
  0.91308600000000006        2.5097245882678608E-005
  0.91408500000000015        2.2496436275373595E-005
  0.91508400000000012        2.0114504609919521E-005
  0.91608300000000009        1.7938008350270985E-005
  0.91708200000000006        1.5953934825919075E-005
  0.91808100000000015        1.4149711430314214E-005
  0.91908000000000012        1.2513214701117501E-005
  0.92007900000000009        1.1032778222288747E-005
  0.92107800000000006        9.6971992911903081E-006
  0.92207700000000015        8.4957442977598054E-006
  0.92307600000000012        7.4181527674395329E-006
  0.92407500000000009        6.4546400249556551E-006
  0.92507400000000006        5.5958984422567443E-006
  0.92607300000000015        4.8330972409423899E-006
  0.92707200000000012        4.1578808273579422E-006
  0.92807100000000009        3.5623656471772446E-006
  0.92907000000000006        3.0391355557283380E-006
  0.93006900000000015        2.5812357104842603E-006
  0.93106800000000012        2.1821650029955182E-006
  0.93206700000000009        1.8358670589958791E-006
  0.93306600000000006        1.5367198473755981E-006
  0.93406500000000015        1.2795239510598900E-006
  0.93506400000000012        1.0594895654164170E-006
  0.93606300000000009        8.7222230247285212E-007
  0.93706200000000006        7.1370789176765916E-007
  0.93806100000000014        5.8029588086904052E-007
  0.93906000000000012        4.6868245025057811E-007
  0.94005900000000009        3.7589246805622644E-007
  0.94105800000000006        2.9926092006290733E-007
  0.94205700000000014        2.3641385858486614E-007
  0.94305600000000012        1.8524902089184217E-007
  0.94405500000000009        1.4391627266790277E-007
  0.94505400000000006        1.1079803487250490E-007
  0.94605300000000014        8.4489852856904405E-008
  0.94705200000000012        6.3781264553140876E-008
  0.94805100000000009        4.7637119852462422E-008
  0.94905000000000006        3.5179495850057526E-008
  0.95004900000000014        2.5670342449567714E-008
  0.95104800000000012        1.8494979973895624E-008
  0.95204700000000009        1.3146555088762699E-008
  0.95304600000000006        9.2115437802910324E-009
  0.95404500000000014        6.3563707041334189E-009
  0.95504400000000012        4.3151934041537732E-009
  0.95604300000000009        2.8788782333361671E-009
  0.95704200000000006        1.8851729210410955E-009
  0.95804100000000014        1.2100592922317391E-009
  0.95904000000000011        7.6024935194823465E-010
  0.96003900000000009        4.6676948691452577E-010
  0.96103800000000006        2.7956154113716975E-010
  0.96203700000000014        1.6301653937443837E-010
  0.96303600000000011        9.2347278095937960E-011
  0.96403500000000009        5.0700130942420062E-011
  0.96503400000000006        2.6904287813158614E-011
  0.96603300000000014        1.3758123188443689E-011
  0.96703200000000011        6.7571286074733324E-012
  0.96803100000000009        3.1753238609789332E-012
  0.96903000000000006        1.4216162324706353E-012
  0.97002900000000014        6.0345329780509523E-013
  0.97102800000000011        2.4153524096113424E-013
  0.97202700000000009        9.0585755119417382E-014
  0.97302600000000006        3.1604145208506184E-014
  0.97402500000000014        1.0172141701227883E-014
  0.97502400000000011        2.9913361318519272E-015
  0.97602300000000008        7.9469933355117569E-016
  0.97702200000000006        1.8822339953957197E-016
  0.97802100000000014        3.9127324394638250E-017
  0.97902000000000011        7.0069734706645922E-018
  0.98001900000000008        1.0570957306779363E-018
  0.98101800000000006        1.3076072460617549E-019
  0.98201700000000014        1.2830784760892882E-020
  0.98301600000000011        9.5872870826434811E-022
  0.98401500000000008        5.1834908337701746E-023
  0.98501400000000006        1.9007965421801474E-024
  0.98601300000000014        4.3502183693389441E-026
  0.98701200000000011        5.5732654864242558E-028
  0.98801100000000008        3.4573862289238454E-030
  0.98901000000000006        8.5219860197975118E-033
  0.99000900000000014        6.3278100237770408E-036
  0.99100800000000011        9.4889682860343793E-040
  0.99200700000000008        1.5774241170810469E-044
  0.99300600000000006        1.1327226379632290E-050
  0.99400500000000014        7.3045455272805439E-059
  0.99500400000000011        2.5037769569676888E-070
  0.99600300000000008        1.5992536738290197E-087
  0.99700200000000005        3.5631014874616192E-116
  0.99800100000000014        1.8404491433715675E-173
  0.99900000000000011        0.0000000000000000     
