   9.9900000000000010E-004  -1.2021980298081863E-058
   1.9980000000000002E-003  -3.8820746298786136E-031
   2.9970000000000005E-003  -5.7690865097799305E-022
   3.9960000000000004E-003  -2.2328381967107380E-017
   4.9950000000000003E-003  -1.2672594217376464E-014
   5.9940000000000011E-003  -8.7092898466392416E-013
   6.9930000000000010E-003  -1.7912054685469962E-011
   7.9920000000000008E-003  -1.7330940218398596E-010
   8.9910000000000007E-003  -1.0142906565713083E-009
   9.9900000000000006E-003  -4.1749979384580027E-009
   1.0989000000000001E-002  -1.3303907284215192E-008
   1.1988000000000002E-002  -3.4987660210303484E-008
   1.2987000000000002E-002  -7.9377559859639563E-008
   1.3986000000000002E-002  -1.6034877889934185E-007
   1.4985000000000002E-002  -2.9518310960983638E-007
   1.5984000000000002E-002  -5.0388056440489696E-007
   1.6983000000000002E-002  -8.0825102310375874E-007
   1.7982000000000001E-002  -1.2309302735545133E-006
   1.8981000000000001E-002  -1.7944309965713717E-006
   1.9980000000000001E-002  -2.5202990862814196E-006
   2.0979000000000001E-002  -3.4284107758173519E-006
   2.1978000000000001E-002  -4.5364206450391758E-006
   2.2977000000000001E-002  -5.8593546557874888E-006
   2.3976000000000004E-002  -7.4093339132201786E-006
   2.4975000000000004E-002  -9.1954115089523961E-006
   2.5974000000000004E-002  -1.1223504510771436E-005
   2.6973000000000004E-002  -1.3496404434435744E-005
   2.7972000000000004E-002  -1.6013851415443801E-005
   2.8971000000000004E-002  -1.8772659261302866E-005
   2.9970000000000004E-002  -2.1766880358844450E-005
   3.0969000000000003E-002  -2.4988000956245478E-005
   3.1968000000000003E-002  -2.8425158642525819E-005
   3.2967000000000003E-002  -3.2065374950829315E-005
   3.3966000000000003E-002  -3.5893796964713438E-005
   3.4965000000000003E-002  -3.9893942650703432E-005
   3.5964000000000003E-002  -4.4047945405419308E-005
   3.6963000000000003E-002  -4.8336794010096956E-005
   3.7962000000000003E-002  -5.2740564838603658E-005
   3.8961000000000003E-002  -5.7238643770274580E-005
   3.9960000000000002E-002  -6.1809935815738449E-005
   4.0959000000000002E-002  -6.6433060970530212E-005
   4.1958000000000002E-002  -7.1086535265859227E-005
   4.2957000000000002E-002  -7.5748936387258660E-005
   4.3956000000000002E-002  -8.0399053580012891E-005
   4.4955000000000002E-002  -8.5016021856472470E-005
   4.5954000000000002E-002  -8.9579440766942697E-005
   4.6953000000000002E-002  -9.4069478196054569E-005
   4.7952000000000009E-002  -9.8466959804235847E-005
   4.8951000000000008E-002  -1.0275344485346888E-004
   4.9950000000000008E-002  -1.0691128924234406E-004
   5.0949000000000008E-002  -1.1092369663206926E-004
   5.1948000000000008E-002  -1.1477475857682287E-004
   5.2947000000000008E-002  -1.1844948458277005E-004
   5.3946000000000008E-002  -1.2193382301393105E-004
   5.4945000000000008E-002  -1.2521467374328014E-004
   5.5944000000000008E-002  -1.2827989341696999E-004
   5.6943000000000007E-002  -1.3111829416104879E-004
   5.7942000000000007E-002  -1.3371963651569510E-004
   5.8941000000000007E-002  -1.3607461733377798E-004
   5.9940000000000007E-002  -1.3817485333001195E-004
   6.0939000000000007E-002  -1.4001286091546193E-004
   6.1938000000000007E-002  -1.4158203290067547E-004
   6.2937000000000007E-002  -1.4287661260014585E-004
   6.3936000000000007E-002  -1.4389166582176642E-004
   6.4935000000000007E-002  -1.4462305117787986E-004
   6.5934000000000006E-002  -1.4506738910986970E-004
   6.6933000000000006E-002  -1.4522202997611694E-004
   6.7932000000000006E-002  -1.4508502151378303E-004
   6.8931000000000006E-002  -1.4465507594827107E-004
   6.9930000000000006E-002  -1.4393153699041950E-004
   7.0929000000000006E-002  -1.4291434693042146E-004
   7.1928000000000006E-002  -1.4160401400903984E-004
   7.2927000000000006E-002  -1.4000158022084837E-004
   7.3926000000000006E-002  -1.3810858968083545E-004
   7.4925000000000005E-002  -1.3592705766453871E-004
   7.5924000000000005E-002  -1.3345944041296952E-004
   7.6923000000000005E-002  -1.3070860577655869E-004
   7.7922000000000005E-002  -1.2767780475729729E-004
   7.8921000000000005E-002  -1.2437064399479668E-004
   7.9920000000000005E-002  -1.2079105923021999E-004
   8.0919000000000005E-002  -1.1694328977157470E-004
   8.1918000000000005E-002  -1.1283185397482223E-004
   8.2917000000000005E-002  -1.0846152574732896E-004
   8.3916000000000004E-002  -1.0383731207334437E-004
   8.4915000000000004E-002  -9.8964431555342592E-005
   8.5914000000000004E-002  -9.3848293960034727E-005
   8.6913000000000004E-002  -8.8494480753670431E-005
   8.7912000000000004E-002  -8.2908726607638762E-005
   8.8911000000000004E-002  -7.7096901852556971E-005
   8.9910000000000004E-002  -7.1064995856556177E-005
   9.0909000000000004E-002  -6.4819101301653132E-005
   9.1908000000000004E-002  -5.8365399330604873E-005
   9.2907000000000003E-002  -5.1710145535508793E-005
   9.3906000000000003E-002  -4.4859656758696674E-005
   9.4905000000000003E-002  -3.7820298675934341E-005
   9.5904000000000017E-002  -3.0598474131703348E-005
   9.6903000000000017E-002  -2.3200612196313833E-005
   9.7902000000000017E-002  -1.5633157914718083E-005
   9.8901000000000017E-002  -7.9025627172235969E-006
   9.9900000000000017E-002  -1.5275462674500897E-008
  0.10089900000000002        8.0222659147236313E-006
  0.10189800000000002        1.6203642183221511E-005
  0.10289700000000002        2.4522460043516939E-005
  0.10389600000000002        3.2972358837741397E-005
  0.10489500000000002        4.1547016763433056E-005
  0.10589400000000002        5.0240156617711008E-005
  0.10689300000000002        5.9045551095966165E-005
  0.10789200000000002        6.7957027668517989E-005
  0.10889100000000002        7.6968473057897392E-005
  0.10989000000000002        8.6073837338388975E-005
  0.11088900000000002        9.5267137678745704E-005
  0.11188800000000002        1.0454246174802236E-004
  0.11288700000000002        1.1389397080367242E-004
  0.11388600000000001        1.2331590248019532E-004
  0.11488500000000001        1.3280257329580618E-004
  0.11588400000000001        1.4234838089379324E-004
  0.11688300000000001        1.5194780603447288E-004
  0.11788200000000001        1.6159541435287612E-004
  0.11888100000000001        1.7128585789653137E-004
  0.11988000000000001        1.8101387645711931E-004
  0.12087900000000001        1.9077429870892305E-004
  0.12187800000000001        2.0056204316648151E-004
  0.12287700000000001        2.1037211897318196E-004
  0.12387600000000001        2.2019962653183390E-004
  0.12487500000000001        2.3003975798781991E-004
  0.12587400000000001        2.3988779757476929E-004
  0.12687300000000001        2.4973912183216644E-004
  0.12787200000000001        2.5958919970387367E-004
  0.12887100000000001        2.6943359252591502E-004
  0.12987000000000001        2.7926795391158360E-004
  0.13086900000000001        2.8908802954131146E-004
  0.13186800000000001        2.9888965686445187E-004
  0.13286700000000001        3.0866876471965523E-004
  0.13386600000000001        3.1842137288012483E-004
  0.13486500000000001        3.2814359152972985E-004
  0.13586400000000001        3.3783162067556452E-004
  0.13686300000000001        3.4748174950218608E-004
  0.13786200000000001        3.5709035567256671E-004
  0.13886100000000001        3.6665390458031597E-004
  0.13986000000000001        3.7616894855763133E-004
  0.14085900000000001        3.8563212604304889E-004
  0.14185800000000001        3.9504016071287691E-004
  0.14285700000000001        4.0438986057987760E-004
  0.14385600000000001        4.1367811706269104E-004
  0.14485500000000001        4.2290190402904205E-004
  0.14585400000000001        4.3205827681582810E-004
  0.14685300000000001        4.4114437122882397E-004
  0.14785200000000001        4.5015740252457630E-004
  0.14885100000000001        4.5909466437698128E-004
  0.14985000000000001        4.6795352783077828E-004
  0.15084900000000001        4.7673144024406840E-004
  0.15184800000000001        4.8542592422189628E-004
  0.15284700000000001        4.9403457654264074E-004
  0.15384600000000001        5.0255506707900979E-004
  0.15484500000000001        5.1098513771520148E-004
  0.15584400000000001        5.1932260126168336E-004
  0.15684300000000001        5.2756534036900861E-004
  0.15784200000000001        5.3571130644191765E-004
  0.15884100000000001        5.4375851855488152E-004
  0.15984000000000001        5.5170506237021608E-004
  0.16083900000000001        5.5954908905973062E-004
  0.16183800000000001        5.6728881423089191E-004
  0.16283700000000001        5.7492251685826209E-004
  0.16383600000000001        5.8244853822109590E-004
  0.16483500000000001        5.8986528084773208E-004
  0.16583400000000001        5.9717120746750798E-004
  0.16683300000000001        6.0436483997066911E-004
  0.16783200000000001        6.1144475837703245E-004
  0.16883100000000001        6.1840959981361620E-004
  0.16983000000000001        6.2525805750195498E-004
  0.17082900000000001        6.3198887975530115E-004
  0.17182800000000001        6.3860086898617470E-004
  0.17282700000000001        6.4509288072456554E-004
  0.17382600000000001        6.5146382264701411E-004
  0.17482500000000001        6.5771265361695892E-004
  0.17582400000000001        6.6383838273636033E-004
  0.17682300000000001        6.6984006840901760E-004
  0.17782200000000001        6.7571681741557699E-004
  0.17882100000000001        6.8146778400043114E-004
  0.17982000000000001        6.8709216897061109E-004
  0.18081900000000001        6.9258921880675079E-004
  0.18181800000000001        6.9795822478625562E-004
  0.18281700000000001        7.0319852211859699E-004
  0.18381600000000001        7.0830948909290437E-004
  0.18481500000000001        7.1329054623775002E-004
  0.18581400000000001        7.1814115549325601E-004
  0.18681300000000001        7.2286081939534712E-004
  0.18781200000000001        7.2744908027228450E-004
  0.18881100000000001        7.3190551945332056E-004
  0.18981000000000001        7.3622975648950301E-004
  0.19080900000000001        7.4042144838648051E-004
  0.19180800000000003        7.4448028884938034E-004
  0.19280700000000003        7.4840600753950056E-004
  0.19380600000000003        7.5219836934289777E-004
  0.19480500000000003        7.5585717365061100E-004
  0.19580400000000003        7.5938225365062585E-004
  0.19680300000000003        7.6277347563124599E-004
  0.19780200000000003        7.6603073829594284E-004
  0.19880100000000003        7.6915397208946249E-004
  0.19980000000000003        7.7214313853511316E-004
  0.20079900000000003        7.7499822958308805E-004
  0.20179800000000003        7.7771926696972298E-004
  0.20279700000000003        7.8030630158749676E-004
  0.20379600000000003        7.8275941286574393E-004
  0.20479500000000003        7.8507870816183118E-004
  0.20579400000000003        7.8726432216272627E-004
  0.20679300000000003        7.8931641629681958E-004
  0.20779200000000003        7.9123517815581708E-004
  0.20879100000000003        7.9302082092660617E-004
  0.20979000000000003        7.9467358283295136E-004
  0.21078900000000003        7.9619372658677962E-004
  0.21178800000000003        7.9758153884910933E-004
  0.21278700000000003        7.9883732970025825E-004
  0.21378600000000003        7.9996143211933963E-004
  0.21478500000000003        8.0095420147285336E-004
  0.21578400000000003        8.0181601501218877E-004
  0.21678300000000003        8.0254727137999695E-004
  0.21778200000000003        8.0314839012515251E-004
  0.21878100000000003        8.0361981122632471E-004
  0.21978000000000003        8.0396199462384613E-004
  0.22077900000000003        8.0417541975988979E-004
  0.22177800000000003        8.0426058512672854E-004
  0.22277700000000003        8.0421800782294942E-004
  0.22377600000000003        8.0404822311750746E-004
  0.22477500000000003        8.0375178402151135E-004
  0.22577400000000003        8.0332926086749772E-004
  0.22677300000000003        8.0278124089621901E-004
  0.22777200000000003        8.0210832785065857E-004
  0.22877100000000003        8.0131114157725163E-004
  0.22977000000000003        8.0039031763419444E-004
  0.23076900000000003        7.9934650690653588E-004
  0.23176800000000003        7.9818037522824009E-004
  0.23276700000000003        7.9689260301073390E-004
  0.23376600000000003        7.9548388487819734E-004
  0.23476500000000003        7.9395492930907840E-004
  0.23576400000000003        7.9230645828408722E-004
  0.23676300000000003        7.9053920694029513E-004
  0.23776200000000003        7.8865392323134473E-004
  0.23876100000000003        7.8665136759358944E-004
  0.23976000000000003        7.8453231261816432E-004
  0.24075900000000003        7.8229754272872757E-004
  0.24175800000000003        7.7994785386488528E-004
  0.24275700000000003        7.7748405317112966E-004
  0.24375600000000003        7.7490695869122722E-004
  0.24475500000000003        7.7221739906790498E-004
  0.24575400000000003        7.6941621324781283E-004
  0.24675300000000003        7.6650425019154477E-004
  0.24775200000000003        7.6348236858874558E-004
  0.24875100000000003        7.6035143657814097E-004
  0.24975000000000003        7.5711233147239879E-004
  0.25074900000000000        7.5376593948772404E-004
  0.25174800000000003        7.5031315547816253E-004
  0.25274700000000000        7.4675488267443536E-004
  0.25374600000000003        7.4309203242723114E-004
  0.25474500000000000        7.3932552395496859E-004
  0.25574400000000003        7.3545628409579040E-004
  0.25674300000000005        7.3148524706384793E-004
  0.25774200000000003        7.2741335420970659E-004
  0.25874100000000005        7.2324155378480557E-004
  0.25974000000000003        7.1897080070994093E-004
  0.26073900000000005        7.1460205634764123E-004
  0.26173800000000003        7.1013628827837404E-004
  0.26273700000000005        7.0557447008053260E-004
  0.26373600000000003        7.0091758111411843E-004
  0.26473500000000005        6.9616660630803689E-004
  0.26573400000000003        6.9132253595091675E-004
  0.26673300000000005        6.8638636548548192E-004
  0.26773200000000003        6.8135909530625766E-004
  0.26873100000000005        6.7624173056067387E-004
  0.26973000000000003        6.7103528095350910E-004
  0.27072900000000005        6.6574076055437312E-004
  0.27172800000000003        6.6035918760858493E-004
  0.27272700000000005        6.5489158435099598E-004
  0.27372600000000002        6.4933897682291266E-004
  0.27472500000000005        6.4370239469195784E-004
  0.27572400000000002        6.3798287107494768E-004
  0.27672300000000005        6.3218144236351951E-004
  0.27772200000000002        6.2629914805270234E-004
  0.27872100000000005        6.2033703057210539E-004
  0.27972000000000002        6.1429613512000835E-004
  0.28071900000000005        6.0817750949985789E-004
  0.28171800000000002        6.0198220395966907E-004
  0.28271700000000005        5.9571127103369285E-004
  0.28371600000000002        5.8936576538681459E-004
  0.28471500000000005        5.8294674366129475E-004
  0.28571400000000002        5.7645526432598365E-004
  0.28671300000000005        5.6989238752786452E-004
  0.28771200000000002        5.6325917494598411E-004
  0.28871100000000005        5.5655668964758019E-004
  0.28971000000000002        5.4978599594652925E-004
  0.29070900000000005        5.4294815926397334E-004
  0.29170800000000002        5.3604424599106840E-004
  0.29270700000000005        5.2907532335389276E-004
  0.29370600000000002        5.2204245928039173E-004
  0.29470500000000005        5.1494672226944018E-004
  0.29570400000000002        5.0778918126182426E-004
  0.29670300000000005        5.0057090551321301E-004
  0.29770200000000002        4.9329296446911839E-004
  0.29870100000000005        4.8595642764166633E-004
  0.29970000000000002        4.7856236448826599E-004
  0.30069900000000005        4.7111184429213493E-004
  0.30169800000000002        4.6360593604455054E-004
  0.30269700000000005        4.5604570832895558E-004
  0.30369600000000002        4.4843222920669086E-004
  0.30469500000000005        4.4076656610453617E-004
  0.30569400000000002        4.3304978570378141E-004
  0.30669300000000005        4.2528295383113774E-004
  0.30769200000000002        4.1746713535101954E-004
  0.30869100000000005        4.0960339405961488E-004
  0.30969000000000002        4.0169279258041432E-004
  0.31068900000000005        3.9373639226124220E-004
  0.31168800000000002        3.8573525307287744E-004
  0.31268700000000005        3.7769043350907323E-004
  0.31368600000000002        3.6960299048806767E-004
  0.31468500000000005        3.6147397925550992E-004
  0.31568400000000002        3.5330445328876842E-004
  0.31668300000000005        3.4509546420264655E-004
  0.31768200000000002        3.3684806165643820E-004
  0.31868100000000005        3.2856329326231784E-004
  0.31968000000000002        3.2024220449502122E-004
  0.32067900000000005        3.1188583860286578E-004
  0.32167800000000002        3.0349523651996549E-004
  0.32267700000000005        2.9507143677976226E-004
  0.32367600000000002        2.8661547542972065E-004
  0.32467500000000005        2.7812838594727760E-004
  0.32567400000000002        2.6961119915696089E-004
  0.32667300000000005        2.6106494314864608E-004
  0.32767200000000002        2.5249064319702550E-004
  0.32867100000000005        2.4388932168214713E-004
  0.32967000000000002        2.3526199801112254E-004
  0.33066900000000005        2.2660968854084813E-004
  0.33166800000000002        2.1793340650192551E-004
  0.33266700000000005        2.0923416192350887E-004
  0.33366600000000002        2.0051296155934186E-004
  0.33466500000000005        1.9177080881468581E-004
  0.33566400000000002        1.8300870367436467E-004
  0.33666300000000005        1.7422764263177358E-004
  0.33766200000000002        1.6542861861886118E-004
  0.33866100000000005        1.5661262093712633E-004
  0.33966000000000002        1.4778063518951120E-004
  0.34065900000000005        1.3893364321329973E-004
  0.34165800000000002        1.3007262301389973E-004
  0.34265700000000004        1.2119854869957577E-004
  0.34365600000000002        1.1231239041707794E-004
  0.34465500000000004        1.0341511428814809E-004
  0.34565400000000002        9.4507682346914738E-005
  0.34665300000000004        8.5591052478175587E-005
  0.34765200000000002        7.6666178356527139E-005
  0.34865100000000004        6.7734009386321173E-005
  0.34965000000000002        5.8795490642462296E-005
  0.35064900000000004        4.9851562812091705E-005
  0.35164800000000002        4.0903162136961265E-005
  0.35264700000000004        3.1951220356740741E-005
  0.35364600000000002        2.2996664653044853E-005
  0.35464500000000004        1.4040417594242634E-005
  0.35564400000000002        5.0833970810996630E-006
  0.35664300000000004       -3.8734837068744533E-006
  0.35764200000000002       -1.2829316364317427E-005
  0.35864100000000004       -2.1783197312074714E-005
  0.35964000000000002       -3.0734227848659354E-005
  0.36063900000000004       -3.9681514200847478E-005
  0.36163800000000001       -4.8624167573644448E-005
  0.36263700000000004       -5.7561304199463037E-005
  0.36363600000000001       -6.6492045386643499E-005
  0.36463500000000004       -7.5415517567294099E-005
  0.36563400000000001       -8.4330852344319406E-005
  0.36663300000000004       -9.3237186537923009E-005
  0.36763200000000001       -1.0213366223131324E-004
  0.36863100000000004       -1.1101942681575902E-004
  0.36963000000000001       -1.1989363303504379E-004
  0.37062900000000004       -1.2875543902916408E-004
  0.37162800000000001       -1.3760400837742901E-004
  0.37262700000000004       -1.4643851014092135E-004
  0.37362600000000001       -1.5525811890427875E-004
  0.37462500000000004       -1.6406201481684976E-004
  0.37562400000000001       -1.7284938363325021E-004
  0.37662300000000004       -1.8161941675323159E-004
  0.37762200000000001       -1.9037131126098682E-004
  0.37862100000000004       -1.9910426996383188E-004
  0.37962000000000001       -2.0781750143019780E-004
  0.38061900000000004       -2.1651022002717205E-004
  0.38161800000000001       -2.2518164595727050E-004
  0.38261700000000004       -2.3383100529470247E-004
  0.38361600000000007       -2.4245753002105700E-004
  0.38461500000000004       -2.5106045806033088E-004
  0.38561400000000007       -2.5963903331342194E-004
  0.38661300000000004       -2.6819250569204357E-004
  0.38761200000000007       -2.7672013115200960E-004
  0.38861100000000004       -2.8522117172601335E-004
  0.38961000000000007       -2.9369489555579624E-004
  0.39060900000000004       -3.0214057692374451E-004
  0.39160800000000007       -3.1055749628392893E-004
  0.39260700000000004       -3.1894494029260651E-004
  0.39360600000000007       -3.2730220183814111E-004
  0.39460500000000004       -3.3562858007034943E-004
  0.39560400000000007       -3.4392338042933760E-004
  0.39660300000000004       -3.5218591467379014E-004
  0.39760200000000007       -3.6041550090862230E-004
  0.39860100000000004       -3.6861146361222730E-004
  0.39960000000000007       -3.7677313366306570E-004
  0.40059900000000004       -3.8489984836577229E-004
  0.40159800000000007       -3.9299095147670560E-004
  0.40259700000000004       -4.0104579322897962E-004
  0.40359600000000007       -4.0906373035693697E-004
  0.40459500000000004       -4.1704412612008967E-004
  0.40559400000000007       -4.2498635032657594E-004
  0.40659300000000004       -4.3288977935603538E-004
  0.40759200000000007       -4.4075379618198422E-004
  0.40859100000000004       -4.4857779039362617E-004
  0.40959000000000007       -4.5636115821725046E-004
  0.41058900000000004       -4.6410330253694563E-004
  0.41158800000000006       -4.7180363291493977E-004
  0.41258700000000004       -4.7946156561130533E-004
  0.41358600000000006       -4.8707652360327388E-004
  0.41458500000000004       -4.9464793660387277E-004
  0.41558400000000006       -5.0217524108021156E-004
  0.41658300000000004       -5.0965788027110704E-004
  0.41758200000000006       -5.1709530420434462E-004
  0.41858100000000004       -5.2448696971325588E-004
  0.41958000000000006       -5.3183234045294165E-004
  0.42057900000000004       -5.3913088691588792E-004
  0.42157800000000006       -5.4638208644710283E-004
  0.42257700000000004       -5.5358542325871084E-004
  0.42357600000000006       -5.6074038844416637E-004
  0.42457500000000004       -5.6784647999173364E-004
  0.42557400000000006       -5.7490320279764227E-004
  0.42657300000000004       -5.8191006867871879E-004
  0.42757200000000006       -5.8886659638439929E-004
  0.42857100000000004       -5.9577231160834671E-004
  0.42957000000000006       -6.0262674699949469E-004
  0.43056900000000004       -6.0942944217263920E-004
  0.43156800000000006       -6.1617994371849377E-004
  0.43256700000000003       -6.2287780521321813E-004
  0.43356600000000006       -6.2952258722749860E-004
  0.43456500000000003       -6.3611385733504573E-004
  0.43556400000000006       -6.4265119012067815E-004
  0.43656300000000003       -6.4913416718781838E-004
  0.43756200000000006       -6.5556237716556521E-004
  0.43856100000000003       -6.6193541571514612E-004
  0.43956000000000006       -6.6825288553600155E-004
  0.44055900000000003       -6.7451439637124754E-004
  0.44155800000000006       -6.8071956501271423E-004
  0.44255700000000003       -6.8686801530543236E-004
  0.44355600000000006       -6.9295937815161684E-004
  0.44455500000000003       -6.9899329151419372E-004
  0.44555400000000006       -7.0496940041975980E-004
  0.44655300000000003       -7.1088735696104297E-004
  0.44755200000000006       -7.1674682029891905E-004
  0.44855100000000003       -7.2254745666383785E-004
  0.44955000000000006       -7.2828893935682161E-004
  0.45054900000000003       -7.3397094874987610E-004
  0.45154800000000006       -7.3959317228598082E-004
  0.45254700000000003       -7.4515530447849575E-004
  0.45354600000000006       -7.5065704691010357E-004
  0.45454500000000003       -7.5609810823123742E-004
  0.45554400000000006       -7.6147820415800550E-004
  0.45654300000000003       -7.6679705746958351E-004
  0.45754200000000006       -7.7205439800512603E-004
  0.45854100000000003       -7.7724996266013578E-004
  0.45954000000000006       -7.8238349538237585E-004
  0.46053900000000003       -7.8745474716723177E-004
  0.46153800000000006       -7.9246347605257971E-004
  0.46253700000000003       -7.9740944711309406E-004
  0.46353600000000006       -8.0229243245415866E-004
  0.46453500000000003       -8.0711221120516373E-004
  0.46553400000000006       -8.1186856951232802E-004
  0.46653300000000003       -8.1656130053100030E-004
  0.46753200000000006       -8.2119020441747900E-004
  0.46853100000000003       -8.2575508832028724E-004
  0.46953000000000006       -8.3025576637094632E-004
  0.47052900000000003       -8.3469205967424780E-004
  0.47152800000000006       -8.3906379629799784E-004
  0.47252700000000003       -8.4337081126225298E-004
  0.47352600000000006       -8.4761294652805112E-004
  0.47452500000000003       -8.5179005098562040E-004
  0.47552400000000006       -8.5590198044209172E-004
  0.47652300000000003       -8.5994859760866842E-004
  0.47752200000000006       -8.6392977208730407E-004
  0.47852100000000003       -8.6784538035687600E-004
  0.47952000000000006       -8.7169530575881510E-004
  0.48051900000000003       -8.7547943848225211E-004
  0.48151800000000006       -8.7919767554863729E-004
  0.48251700000000003       -8.8284992079583618E-004
  0.48351600000000006       -8.8643608486174230E-004
  0.48451500000000003       -8.8995608516733999E-004
  0.48551400000000006       -8.9340984589929382E-004
  0.48651300000000003       -8.9679729799197448E-004
  0.48751200000000006       -9.0011837910902975E-004
  0.48851100000000003       -9.0337303362440649E-004
  0.48951000000000006       -9.0656121260285585E-004
  0.49050900000000003       -9.0968287377996059E-004
  0.49150800000000006       -9.1273798154160944E-004
  0.49250700000000003       -9.1572650690299631E-004
  0.49350600000000006       -9.1864842748708739E-004
  0.49450500000000003       -9.2150372750258503E-004
  0.49550400000000006       -9.2429239772137532E-004
  0.49650300000000003       -9.2701443545548882E-004
  0.49750200000000006       -9.2966984453351641E-004
  0.49850100000000003       -9.3225863527654452E-004
  0.49950000000000006       -9.3478082447358355E-004
  0.50049900000000003       -9.3723643535646695E-004
  0.50149800000000000       -9.3962549757427771E-004
  0.50249700000000008       -9.4194804716723601E-004
  0.50349600000000005       -9.4420412654011403E-004
  0.50449500000000003       -9.4639378443511335E-004
  0.50549400000000000       -9.4851707590428618E-004
  0.50649300000000008       -9.5057406228141682E-004
  0.50749200000000005       -9.5256481115339221E-004
  0.50849100000000003       -9.5448939633116753E-004
  0.50949000000000000       -9.5634789782008507E-004
  0.51048900000000008       -9.5814040178983904E-004
  0.51148800000000005       -9.5986700054384079E-004
  0.51248700000000003       -9.6152779248818271E-004
  0.51348600000000011       -9.6312288210002666E-004
  0.51448500000000008       -9.6465237989555000E-004
  0.51548400000000005       -9.6611640239740039E-004
  0.51648300000000003       -9.6751507210165110E-004
  0.51748200000000011       -9.6884851744428102E-004
  0.51848100000000008       -9.7011687276717215E-004
  0.51948000000000005       -9.7132027828361492E-004
  0.52047900000000002       -9.7245888004334998E-004
  0.52147800000000011       -9.7353282989712806E-004
  0.52247700000000008       -9.7454228546078685E-004
  0.52347600000000005       -9.7548741007887280E-004
  0.52447500000000002       -9.7636837278778147E-004
  0.52547400000000011       -9.7718534827842562E-004
  0.52647300000000008       -9.7793851685845277E-004
  0.52747200000000005       -9.7862806441399459E-004
  0.52847100000000002       -9.7925418237095421E-004
  0.52947000000000011       -9.7981706765582367E-004
  0.53046900000000008       -9.8031692265609818E-004
  0.53146800000000005       -9.8075395518015893E-004
  0.53246700000000002       -9.8112837841678679E-004
  0.53346600000000011       -9.8144041089417988E-004
  0.53446500000000008       -9.8169027643854427E-004
  0.53546400000000005       -9.8187820413225759E-004
  0.53646300000000002       -9.8200442827158559E-004
  0.53746200000000011       -9.8206918832395617E-004
  0.53846100000000008       -9.8207272888483211E-004
  0.53946000000000005       -9.8201529963414533E-004
  0.54045900000000002       -9.8189715529231982E-004
  0.54145800000000011       -9.8171855557582094E-004
  0.54245700000000008       -9.8147976515241143E-004
  0.54345600000000005       -9.8118105359587342E-004
  0.54445500000000002       -9.8082269534039085E-004
  0.54545400000000011       -9.8040496963452896E-004
  0.54645300000000008       -9.7992816049480530E-004
  0.54745200000000005       -9.7939255665886412E-004
  0.54845100000000002       -9.7879845153826632E-004
  0.54945000000000010       -9.7814614317092287E-004
  0.55044900000000008       -9.7743593417310890E-004
  0.55144800000000005       -9.7666813169112457E-004
  0.55244700000000002       -9.7584304735259320E-004
  0.55344600000000010       -9.7496099721739121E-004
  0.55444500000000008       -9.7402230172821344E-004
  0.55544400000000005       -9.7302728566078648E-004
  0.55644300000000002       -9.7197627807375916E-004
  0.55744200000000010       -9.7086961225819550E-004
  0.55844100000000008       -9.6970762568680076E-004
  0.55944000000000005       -9.6849065996276219E-004
  0.56043900000000002       -9.6721906076828435E-004
  0.56143800000000010       -9.6589317781280376E-004
  0.56243700000000008       -9.6451336478090672E-004
  0.56343600000000005       -9.6307997927989474E-004
  0.56443500000000002       -9.6159338278710101E-004
  0.56543400000000010       -9.6005394059688878E-004
  0.56643300000000008       -9.5846202176732729E-004
  0.56743200000000005       -9.5681799906666284E-004
  0.56843100000000002       -9.5512224891944027E-004
  0.56943000000000010       -9.5337515135239515E-004
  0.57042900000000007       -9.5157708994007600E-004
  0.57142800000000005       -9.4972845175018950E-004
  0.57242700000000002       -9.4782962728875238E-004
  0.57342600000000010       -9.4588101044491596E-004
  0.57442500000000007       -9.4388299843566135E-004
  0.57542400000000005       -9.4183599175016054E-004
  0.57642300000000002       -9.3974039409400981E-004
  0.57742200000000010       -9.3759661233319160E-004
  0.57842100000000007       -9.3540505643784490E-004
  0.57942000000000005       -9.3316613942586585E-004
  0.58041900000000002       -9.3088027730627975E-004
  0.58141800000000010       -9.2854788902245727E-004
  0.58241700000000007       -9.2616939639515272E-004
  0.58341600000000005       -9.2374522406537467E-004
  0.58441500000000002       -9.2127579943708884E-004
  0.58541400000000010       -9.1876155261979718E-004
  0.58641300000000007       -9.1620291637094697E-004
  0.58741200000000005       -9.1360032603822992E-004
  0.58841100000000002       -9.1095421950175613E-004
  0.58941000000000010       -9.0826503711609568E-004
  0.59040900000000007       -9.0553322165222135E-004
  0.59140800000000004       -9.0275921823936857E-004
  0.59240700000000002       -8.9994347430679268E-004
  0.59340600000000010       -8.9708643952542794E-004
  0.59440500000000007       -8.9418856574951752E-004
  0.59540400000000004       -8.9125030695815714E-004
  0.59640300000000002       -8.8827211919676114E-004
  0.59740200000000010       -8.8525446051853816E-004
  0.59840100000000007       -8.8219779092589437E-004
  0.59940000000000004       -8.7910257231182465E-004
  0.60039900000000002       -8.7596926840127363E-004
  0.60139800000000010       -8.7279834469250559E-004
  0.60239700000000007       -8.6959026839847527E-004
  0.60339600000000004       -8.6634550838821101E-004
  0.60439500000000002       -8.6306453512820301E-004
  0.60539400000000010       -8.5974782062385219E-004
  0.60639300000000007       -8.5639583836093431E-004
  0.60739200000000004       -8.5300906324712981E-004
  0.60839100000000002       -8.4958797155360835E-004
  0.60939000000000010       -8.4613304085668598E-004
  0.61038900000000007       -8.4264474997956774E-004
  0.61138800000000004       -8.3912357893416644E-004
  0.61238700000000001       -8.3557000886302923E-004
  0.61338600000000010       -8.3198452198138294E-004
  0.61438500000000007       -8.2836760151929259E-004
  0.61538400000000004       -8.2471973166393269E-004
  0.61638300000000001       -8.2104139750202631E-004
  0.61738200000000010       -8.1733308496242940E-004
  0.61838100000000007       -8.1359528075883910E-004
  0.61938000000000004       -8.0982847233272617E-004
  0.62037900000000001       -8.0603314779640635E-004
  0.62137800000000010       -8.0220979587631723E-004
  0.62237700000000007       -7.9835890585649224E-004
  0.62337600000000004       -7.9448096752224057E-004
  0.62437500000000001       -7.9057647110405819E-004
  0.62537400000000010       -7.8664590722173989E-004
  0.62637300000000007       -7.8268976682877142E-004
  0.62737200000000004       -7.7870854115691997E-004
  0.62837100000000001       -7.7470272166114008E-004
  0.62937000000000010       -7.7067279996469477E-004
  0.63036900000000007       -7.6661926780458467E-004
  0.63136800000000004       -7.6254261697725244E-004
  0.63236700000000001       -7.5844333928459188E-004
  0.63336600000000010       -7.5432192648025522E-004
  0.63436500000000007       -7.5017887021627198E-004
  0.63536400000000004       -7.4601466199001611E-004
  0.63636300000000001       -7.4182979309146148E-004
  0.63736200000000010       -7.3762475455083304E-004
  0.63836100000000007       -7.3340003708656932E-004
  0.63936000000000004       -7.2915613105366207E-004
  0.64035900000000012       -7.2489352639236860E-004
  0.64135800000000009       -7.2061271257728226E-004
  0.64235700000000007       -7.1631417856682172E-004
  0.64335600000000004       -7.1199841275307145E-004
  0.64435500000000012       -7.0766590291207368E-004
  0.64535400000000009       -7.0331713615448240E-004
  0.64635300000000007       -6.9895259887668237E-004
  0.64735200000000004       -6.9457277671229763E-004
  0.64835100000000012       -6.9017815448414645E-004
  0.64935000000000009       -6.8576921615664903E-004
  0.65034900000000007       -6.8134644478866965E-004
  0.65134800000000004       -6.7691032248682313E-004
  0.65234700000000012       -6.7246133035922821E-004
  0.65334600000000009       -6.6799994846974996E-004
  0.65434500000000007       -6.6352665579271202E-004
  0.65534400000000004       -6.5904193016807751E-004
  0.65634300000000012       -6.5454624825714357E-004
  0.65734200000000009       -6.5004008549869249E-004
  0.65834100000000007       -6.4552391606568290E-004
  0.65934000000000004       -6.4099821282241219E-004
  0.66033900000000012       -6.3646344728220691E-004
  0.66133800000000009       -6.3192008956562240E-004
  0.66233700000000006       -6.2736860835915786E-004
  0.66333600000000004       -6.2280947087449802E-004
  0.66433500000000012       -6.1824314280827766E-004
  0.66533400000000009       -6.1367008830238718E-004
  0.66633300000000006       -6.0909076990479775E-004
  0.66733200000000004       -6.0450564853092262E-004
  0.66833100000000012       -5.9991518342554571E-004
  0.66933000000000009       -5.9531983212524964E-004
  0.67032900000000006       -5.9072005042142624E-004
  0.67132800000000004       -5.8611629232380657E-004
  0.67232700000000012       -5.8150901002455727E-004
  0.67332600000000009       -5.7689865386291147E-004
  0.67432500000000006       -5.7228567229035106E-004
  0.67532400000000004       -5.6767051183635871E-004
  0.67632300000000012       -5.6305361707468258E-004
  0.67732200000000009       -5.5843543059018918E-004
  0.67832100000000006       -5.5381639294623777E-004
  0.67932000000000003       -5.4919694265261434E-004
  0.68031900000000012       -5.4457751613401007E-004
  0.68131800000000009       -5.3995854769904789E-004
  0.68231700000000006       -5.3534046950984174E-004
  0.68331600000000003       -5.3072371155210791E-004
  0.68431500000000012       -5.2610870160579620E-004
  0.68531400000000009       -5.2149586521628107E-004
  0.68631300000000006       -5.1688562566604883E-004
  0.68731200000000003       -5.1227840394693939E-004
  0.68831100000000012       -5.0767461873288541E-004
  0.68931000000000009       -5.0307468635318550E-004
  0.69030900000000006       -4.9847902076627371E-004
  0.69130800000000003       -4.9388803353399529E-004
  0.69230700000000012       -4.8930213379638646E-004
  0.69330600000000009       -4.8472172824693679E-004
  0.69430500000000006       -4.8014722110833764E-004
  0.69530400000000003       -4.7557901410870244E-004
  0.69630300000000012       -4.7101750645826167E-004
  0.69730200000000009       -4.6646309482650605E-004
  0.69830100000000006       -4.6191617331978657E-004
  0.69930000000000003       -4.5737713345934809E-004
  0.70029900000000012       -4.5284636415980021E-004
  0.70129800000000009       -4.4832425170799451E-004
  0.70229700000000006       -4.4381117974232807E-004
  0.70329600000000003       -4.3930752923242042E-004
  0.70429500000000012       -4.3481367845919994E-004
  0.70529400000000009       -4.3033000299534267E-004
  0.70629300000000006       -4.2585687568608361E-004
  0.70729200000000003       -4.2139466663036323E-004
  0.70829100000000011       -4.1694374316232131E-004
  0.70929000000000009       -4.1250446983310163E-004
  0.71028900000000006       -4.0807720839295514E-004
  0.71128800000000003       -4.0366231777364496E-004
  0.71228700000000011       -3.9926015407111662E-004
  0.71328600000000009       -3.9487107052843491E-004
  0.71428500000000006       -3.9049541751895000E-004
  0.71528400000000003       -3.8613354252970891E-004
  0.71628300000000011       -3.8178579014505170E-004
  0.71728200000000009       -3.7745250203042718E-004
  0.71828100000000006       -3.7313401691635190E-004
  0.71928000000000003       -3.6883067058255379E-004
  0.72027900000000011       -3.6454279584223340E-004
  0.72127800000000009       -3.6027072252645093E-004
  0.72227700000000006       -3.5601477746861942E-004
  0.72327600000000003       -3.5177528448905951E-004
  0.72427500000000011       -3.4755256437963758E-004
  0.72527400000000009       -3.4334693488843247E-004
  0.72627300000000006       -3.3915871070441610E-004
  0.72727200000000003       -3.3498820344214956E-004
  0.72827100000000011       -3.3083572162644407E-004
  0.72927000000000008       -3.2670157067699507E-004
  0.73026900000000006       -3.2258605289293518E-004
  0.73126800000000003       -3.1848946743731344E-004
  0.73226700000000011       -3.1441211032147155E-004
  0.73326600000000008       -3.1035427438928608E-004
  0.73426500000000006       -3.0631624930125781E-004
  0.73526400000000003       -3.0229832151844208E-004
  0.73626300000000011       -2.9830077428616956E-004
  0.73726200000000008       -2.9432388761756753E-004
  0.73826100000000006       -2.9036793827683213E-004
  0.73926000000000003       -2.8643319976224570E-004
  0.74025900000000011       -2.8251994228891146E-004
  0.74125800000000008       -2.7862843277118245E-004
  0.74225700000000006       -2.7475893480477000E-004
  0.74325600000000003       -2.7091170864849680E-004
  0.74425500000000011       -2.6708701120568839E-004
  0.74525400000000008       -2.6328509600516745E-004
  0.74625300000000006       -2.5950621318184100E-004
  0.74725200000000003       -2.5575060945685034E-004
  0.74825100000000011       -2.5201852811726911E-004
  0.74925000000000008       -2.4831020899532768E-004
  0.75024900000000005       -2.4462588844713671E-004
  0.75124800000000003       -2.4096579933090474E-004
  0.75224700000000011       -2.3733017098461626E-004
  0.75324600000000008       -2.3371922920315436E-004
  0.75424500000000005       -2.3013319621486279E-004
  0.75524400000000003       -2.2657229065750040E-004
  0.75624300000000011       -2.2303672755361070E-004
  0.75724200000000008       -2.1952671828524858E-004
  0.75824100000000005       -2.1604247056807859E-004
  0.75924000000000003       -2.1258418842481401E-004
  0.76023900000000011       -2.0915207215798815E-004
  0.76123800000000008       -2.0574631832204128E-004
  0.76223700000000005       -2.0236711969470728E-004
  0.76323600000000003       -1.9901466524770202E-004
  0.76423500000000011       -1.9568914011667551E-004
  0.76523400000000008       -1.9239072557045248E-004
  0.76623300000000005       -1.8911959897951894E-004
  0.76723200000000014       -1.8587593378376652E-004
  0.76823100000000011       -1.8265989945948723E-004
  0.76923000000000008       -1.7947166148559525E-004
  0.77022900000000005       -1.7631138130909952E-004
  0.77122800000000014       -1.7317921630979590E-004
  0.77222700000000011       -1.7007531976419429E-004
  0.77322600000000008       -1.6699984080867510E-004
  0.77422500000000005       -1.6395292440187482E-004
  0.77522400000000014       -1.6093471128630386E-004
  0.77622300000000011       -1.5794533794920163E-004
  0.77722200000000008       -1.5498493658263433E-004
  0.77822100000000005       -1.5205363504283882E-004
  0.77922000000000013       -1.4915155680882933E-004
  0.78021900000000011       -1.4627882094026828E-004
  0.78121800000000008       -1.4343554203462205E-004
  0.78221700000000005       -1.4062183018360972E-004
  0.78321600000000013       -1.3783779092896563E-004
  0.78421500000000011       -1.3508352521753454E-004
  0.78521400000000008       -1.3235912935571201E-004
  0.78621300000000005       -1.2966469496326387E-004
  0.78721200000000013       -1.2700030892654225E-004
  0.78821100000000011       -1.2436605335112622E-004
  0.78921000000000008       -1.2176200551391707E-004
  0.79020900000000005       -1.1918823781472113E-004
  0.79120800000000013       -1.1664481772735237E-004
  0.79220700000000011       -1.1413180775029159E-004
  0.79320600000000008       -1.1164926535693914E-004
  0.79420500000000005       -1.0919724294551016E-004
  0.79520400000000013       -1.0677578778860626E-004
  0.79620300000000011       -1.0438494198251985E-004
  0.79720200000000008       -1.0202474239631242E-004
  0.79820100000000005       -9.9695220620725505E-005
  0.79920000000000013       -9.7396402916977005E-005
  0.80019900000000010       -9.5128310165503458E-005
  0.80119800000000008       -9.2890957814700234E-005
  0.80219700000000005       -9.0684355829739034E-005
  0.80319600000000013       -8.8508508641513620E-005
  0.80419500000000010       -8.6363415095797307E-005
  0.80519400000000008       -8.4249068402673675E-005
  0.80619300000000005       -8.2165456086326905E-005
  0.80719200000000013       -8.0112559935263759E-005
  0.80819100000000010       -7.8090355953054608E-005
  0.80919000000000008       -7.6098814309674909E-005
  0.81018900000000005       -7.4137899293540756E-005
  0.81118800000000013       -7.2207569264329260E-005
  0.81218700000000010       -7.0307776606676580E-005
  0.81318600000000008       -6.8438467684857202E-005
  0.81418500000000005       -6.6599582798542597E-005
  0.81518400000000013       -6.4791056139748703E-005
  0.81618300000000010       -6.3012815751078285E-005
  0.81718200000000007       -6.1264783485371187E-005
  0.81818100000000005       -5.9546874966877687E-005
  0.81918000000000013       -5.7858999554076140E-005
  0.82017900000000010       -5.6201060304254265E-005
  0.82117800000000007       -5.4572953939979105E-005
  0.82217700000000005       -5.2974570817588419E-005
  0.82317600000000013       -5.1405794897830081E-005
  0.82417500000000010       -4.9866503718787838E-005
  0.82517400000000007       -4.8356568371230000E-005
  0.82617300000000005       -4.6875853476521784E-005
  0.82717200000000013       -4.5424217167247080E-005
  0.82817100000000010       -4.4001511070682615E-005
  0.82917000000000007       -4.2607580295277725E-005
  0.83016900000000005       -4.1242263420288874E-005
  0.83116800000000013       -3.9905392488724869E-005
  0.83216700000000010       -3.8596793003759373E-005
  0.83316600000000007       -3.7316283928767602E-005
  0.83416500000000005       -3.6063677691152141E-005
  0.83516400000000013       -3.4838780190116221E-005
  0.83616300000000010       -3.3641390808551853E-005
  0.83716200000000007       -3.2471302429206530E-005
  0.83816100000000004       -3.1328301455297291E-005
  0.83916000000000013       -3.0212167835738225E-005
  0.84015900000000010       -2.9122675095150894E-005
  0.84115800000000007       -2.8059590368825695E-005
  0.84215700000000004       -2.7022674442803241E-005
  0.84315600000000013       -2.6011681799243970E-005
  0.84415500000000010       -2.5026360667254245E-005
  0.84515400000000007       -2.4066453079334185E-005
  0.84615300000000004       -2.3131694933613156E-005
  0.84715200000000013       -2.2221816062035997E-005
  0.84815100000000010       -2.1336540304660059E-005
  0.84915000000000007       -2.0475585590220171E-005
  0.85014900000000004       -1.9638664023117498E-005
  0.85114800000000013       -1.8825481976979276E-005
  0.85214700000000010       -1.8035740194937962E-005
  0.85314600000000007       -1.7269133896766504E-005
  0.85414500000000004       -1.6525352893006387E-005
  0.85514400000000013       -1.5804081706214260E-005
  0.85614300000000010       -1.5104999699447383E-005
  0.85714200000000007       -1.4427781212099060E-005
  0.85814100000000004       -1.3772095703187572E-005
  0.85914000000000013       -1.3137607902190357E-005
  0.86013900000000010       -1.2523977967506277E-005
  0.86113800000000007       -1.1930861652615624E-005
  0.86213700000000004       -1.1357910479995523E-005
  0.86313600000000013       -1.0804771922836170E-005
  0.86413500000000010       -1.0271089594585434E-005
  0.86513400000000007       -9.7565034463368833E-006
  0.86613300000000004       -9.2606499720586015E-006
  0.86713200000000012       -8.7831624216407177E-006
  0.86813100000000010       -8.3236710217234359E-006
  0.86913000000000007       -7.8818032042442816E-006
  0.87012900000000004       -7.4571838426245487E-006
  0.87112800000000012       -7.0494354954903426E-006
  0.87212700000000010       -6.6581786578015092E-006
  0.87312600000000007       -6.2830320192354193E-006
  0.87412500000000004       -5.9236127296479110E-006
  0.87512400000000012       -5.5795366714052276E-006
  0.87612300000000010       -5.2504187383531405E-006
  0.87712200000000007       -4.9358731211587211E-006
  0.87812100000000004       -4.6355135987312845E-006
  0.87912000000000012       -4.3489538353952168E-006
  0.88011900000000010       -4.0758076834559350E-006
  0.88111800000000007       -3.8156894907655945E-006
  0.88211700000000004       -3.5682144128611900E-006
  0.88311600000000012       -3.3329987292114296E-006
  0.88411500000000010       -3.1096601630733680E-006
  0.88511400000000007       -2.8978182044221477E-006
  0.88611300000000004       -2.6970944353810198E-006
  0.88711200000000012       -2.5071128575406790E-006
  0.88811100000000009       -2.3275002205197683E-006
  0.88911000000000007       -2.1578863510806975E-006
  0.89010900000000004       -1.9979044820782675E-006
  0.89110800000000012       -1.8471915804816717E-006
  0.89210700000000009       -1.7053886736749193E-006
  0.89310600000000007       -1.5721411732058315E-006
  0.89410500000000004       -1.4470991951210468E-006
  0.89510400000000012       -1.3299178759923710E-006
  0.89610300000000009       -1.2202576837108304E-006
  0.89710200000000007       -1.1177847220973889E-006
  0.89810100000000015       -1.0221710283556400E-006
  0.89910000000000012       -9.3309486237043060E-007
  0.90009900000000009       -8.5024098683927386E-007
  0.90109800000000007       -7.7330093721058148E-007
  0.90209700000000015       -7.0197328039381957E-007
  0.90309600000000012       -6.3596386120362674E-007
  0.90409500000000009       -5.7498603550175951E-007
  0.90509400000000007       -5.1876088900915835E-007
  0.90609300000000015       -4.6701744077478971E-007
  0.90709200000000012       -4.1949283030982411E-007
  0.90809100000000009       -3.7593248742450864E-007
  0.90909000000000006       -3.3609028384235786E-007
  0.91008900000000015       -2.9972866571124353E-007
  0.91108800000000012       -2.6661876618501175E-007
  0.91208700000000009       -2.3654049731195445E-007
  0.91308600000000006       -2.0928262053861563E-007
  0.91408500000000015       -1.8464279521869135E-007
  0.91508400000000012       -1.6242760460770153E-007
  0.91608300000000009       -1.4245255892438574E-007
  0.91708200000000006       -1.2454207516943768E-007
  0.91808100000000015       -1.0852943351083165E-007
  0.91908000000000012       -9.4256710172394646E-008
  0.92007900000000009       -8.1574686897714925E-008
  0.92107800000000006       -7.0342737204401884E-008
  0.92207700000000015       -6.0428689793043241E-008
  0.92307600000000012       -5.1708669630045162E-008
  0.92407500000000009       -4.4066917382432944E-008
  0.92507400000000006       -3.7395588044339436E-008
  0.92607300000000015       -3.1594529757432106E-008
  0.92707200000000012       -2.6571043989232945E-008
  0.92807100000000009       -2.2239628391973135E-008
  0.92907000000000006       -1.8521703818147158E-008
  0.93006900000000015       -1.5345327114817822E-008
  0.93106800000000012       -1.2644891454524879E-008
  0.93206700000000009       -1.0360816083719306E-008
  0.93306600000000006       -8.4392274773625664E-009
  0.93406500000000015       -6.8316339780280699E-009
  0.93506400000000012       -5.4945960669874964E-009
  0.93606300000000009       -4.3893944609046497E-009
  0.93706200000000006       -3.4816982487102471E-009
  0.93806100000000014       -2.7412352770618206E-009
  0.93906000000000012       -2.1414669580101432E-009
  0.94005900000000009       -1.6592696080373034E-009
  0.94105800000000006       -1.2746243330378158E-009
  0.94205700000000014       -9.7031734924232365E-010
  0.94305600000000012       -7.3165247643191821E-010
  0.94405500000000009       -5.4617735871974547E-010
  0.94505400000000006       -4.0342476217272434E-010
  0.94605300000000014       -2.9467007091820628E-010
  0.94705200000000012       -2.1270585825531939E-010
  0.94805100000000009       -1.5163415154857387E-010
  0.94905000000000006       -1.0667674487260889E-010
  0.95004900000000014       -7.4003647580670058E-011
  0.95104800000000012       -5.0579496622898112E-011
  0.95204700000000009       -3.4027512116996777E-011
  0.95304600000000006       -2.2510345836013929E-011
  0.95404500000000014       -1.4626966998040809E-011
  0.95504400000000012       -9.3245544152689176E-012
  0.95604300000000009       -5.8242231144942494E-012
  0.95704200000000006       -3.5593101803795766E-012
  0.95804100000000014       -2.1248805526805253E-012
  0.95904000000000011       -1.2370889869545125E-012
  0.96003900000000009       -7.0104785772129541E-013
  0.96103800000000006       -3.8589880802597058E-013
  0.96203700000000014       -2.0586481395350847E-013
  0.96303600000000011       -1.0616220096433618E-013
  0.96403500000000009       -5.2772825951770125E-014
  0.96503400000000006       -2.5207908843174100E-014
  0.96603300000000014       -1.1529804181025737E-014
  0.96703200000000011       -5.0298283786901377E-015
  0.96803100000000009       -2.0835501102756750E-015
  0.96903000000000006       -8.1545335410113043E-016
  0.97002900000000014       -2.9982892015862245E-016
  0.97102800000000011       -1.0290156153651311E-016
  0.97202700000000009       -3.2721903343046955E-017
  0.97302600000000006       -9.5596604920974365E-018
  0.97402500000000014       -2.5408943822208602E-018
  0.97502400000000011       -6.0749736661150396E-019
  0.97602300000000008       -1.2893421366479412E-019
  0.97702200000000006       -2.3917222461153780E-020
  0.97802100000000014       -3.8071342974321601E-021
  0.97902000000000011       -5.0878918299014246E-022
  0.98001900000000008       -5.5608176872262969E-023
  0.98101800000000006       -4.8151681421430157E-024
  0.98201700000000014       -3.1776283123797464E-025
  0.98301600000000011       -1.5233341761716493E-026
  0.98401500000000008       -4.9964905129062695E-028
  0.98501400000000006       -1.0393245227427903E-029
  0.98601300000000014       -1.2435837215788250E-031
  0.98701200000000011       -7.5338960907753079E-034
  0.98801100000000008       -1.9493830034376247E-036
  0.98901000000000006       -1.7082602930049695E-039
  0.99000900000000014       -3.6638627570324746E-043
  0.99100800000000011       -1.2031484411605554E-047
  0.99200700000000008       -2.9930000302777898E-053
  0.99300600000000006       -1.8668867465290721E-060
  0.99400500000000014       -4.6248763384962096E-070
  0.99500400000000011       -1.6509207232769226E-083
  0.99600300000000008       -1.1186718395595627E-103
  0.99700200000000005       -2.7455265455914255E-137
  0.99800100000000014       -1.7218925829416306E-204
  0.99900000000000011        0.0000000000000000     
