   9.9900000000000010E-004   8.1630112439333784E-243
   1.9980000000000002E-003   4.6635794460440678E-123
   2.9970000000000005E-003   3.8625484679162944E-083
   3.9960000000000004E-003   3.5102612310311051E-063
   4.9950000000000003E-003   3.3107188631423651E-051
   5.9940000000000011E-003   3.1809600307373709E-043
   6.9930000000000010E-003   1.5998408893715655E-037
   7.9920000000000008E-003   3.0192069409547720E-033
   8.9910000000000007E-003   6.3861182584026744E-030
   9.9900000000000006E-003   2.9190888513005792E-027
   1.0989000000000001E-002   4.3790066426498115E-025
   1.1988000000000002E-002   2.8483253679038831E-023
   1.2987000000000002E-002   9.7417329399078649E-022
   1.3986000000000002E-002   2.0106417902062098E-020
   1.4985000000000002E-002   2.7704639066979569E-019
   1.5984000000000002E-002   2.7490977355535646E-018
   1.6983000000000002E-002   2.0816467340923040E-017
   1.7982000000000001E-002   1.2582628418685181E-016
   1.8981000000000001E-002   6.2911767605436967E-016
   1.9980000000000001E-002   2.6769947819961341E-015
   2.0979000000000001E-002   9.9202620990316957E-015
   2.1978000000000001E-002   3.2624551700097902E-014
   2.2977000000000001E-002   9.6710566280629200E-014
   2.3976000000000004E-002   2.6178600260700788E-013
   2.4975000000000004E-002   6.5417744969025508E-013
   2.5974000000000004E-002   1.5230938544243222E-012
   2.6973000000000004E-002   3.3300567196054174E-012
   2.7972000000000004E-002   6.8832725759968264E-012
   2.8971000000000004E-002   1.3529377090441265E-011
   2.9970000000000004E-002   2.5414706995232589E-011
   3.0969000000000003E-002   4.5826841729481293E-011
   3.1968000000000003E-002   7.9624629958292354E-011
   3.2967000000000003E-002   1.3376143849636438E-010
   3.3966000000000003E-002   2.1790219675944235E-010
   3.4965000000000003E-002   3.4513028406825239E-010
   3.5964000000000003E-002   5.3273576285587249E-010
   3.6963000000000003E-002   8.0307221975061245E-010
   3.7962000000000003E-002   1.1844658095477908E-009
   3.8961000000000003E-002   1.7121572060522582E-009
   3.9960000000000002E-002   2.4292551737946759E-009
   4.0959000000000002E-002   3.3876794356903295E-009
   4.1958000000000002E-002   4.6490704069369791E-009
   4.2957000000000002E-002   6.2856441235328830E-009
   4.3956000000000002E-002   8.3809722033593394E-009
   4.4955000000000002E-002   1.1030668801802170E-008
   4.5954000000000002E-002   1.4342969112949006E-008
   4.6953000000000002E-002   1.8439186870821266E-008
   4.7952000000000009E-002   2.3454041379771705E-008
   4.8951000000000008E-002   2.9535847719866254E-008
   4.9950000000000008E-002   3.6846566820496133E-008
   5.0949000000000008E-002   4.5561714982369684E-008
   5.1948000000000008E-002   5.5870135083651488E-008
   5.2947000000000008E-002   6.7973634079356233E-008
   5.3946000000000008E-002   8.2086493461328117E-008
   5.4945000000000008E-002   9.8434861072431104E-008
   5.5944000000000008E-002   1.1725603405969631E-007
   5.6943000000000007E-002   1.3879764381502471E-007
   5.7942000000000007E-002   1.6331675450507417E-007
   5.8941000000000007E-002   1.9107888725713347E-007
   5.9940000000000007E-002   2.2235698227234396E-007
   6.0939000000000007E-002   2.5743031111147235E-007
   6.1938000000000007E-002   2.9658335117269578E-007
   6.2937000000000007E-002   3.4010463398652964E-007
   6.3936000000000007E-002   3.8828557842032823E-007
   6.4935000000000007E-002   4.4141931924217218E-007
   6.5934000000000006E-002   4.9979954076791191E-007
   6.6933000000000006E-002   5.6371932452959253E-007
   6.7932000000000006E-002   6.3347001907991431E-007
   6.8931000000000006E-002   7.0934013920450536E-007
   6.9930000000000006E-002   7.9161430096780752E-007
   7.0929000000000006E-002   8.8057219818285846E-007
   7.1928000000000006E-002   9.7648762508162030E-007
   7.2927000000000006E-002   1.0796275491796323E-006
   7.3926000000000006E-002   1.1902512375840935E-006
   7.4925000000000005E-002   1.3086094392929731E-006
   7.5924000000000005E-002   1.4349436253785879E-006
   7.6923000000000005E-002   1.5694852883442545E-006
   7.7922000000000005E-002   1.7124553013889657E-006
   7.8921000000000005E-002   1.8640633378122160E-006
   7.9920000000000005E-002   2.0245073503389263E-006
   8.0919000000000005E-002   2.1939731097419063E-006
   8.1918000000000005E-002   2.3726338017840417E-006
   8.2917000000000005E-002   2.5606496811931326E-006
   8.3916000000000004E-002   2.7581677811159364E-006
   8.4915000000000004E-002   2.9653216762721696E-006
   8.5914000000000004E-002   3.1822312978412521E-006
   8.6913000000000004E-002   3.4090027979614762E-006
   8.7912000000000004E-002   3.6457284616001897E-006
   8.8911000000000004E-002   3.8924866634618684E-006
   8.9910000000000004E-002   4.1493418675356549E-006
   9.0909000000000004E-002   4.4163446668426119E-006
   9.1908000000000004E-002   4.6935318609224231E-006
   9.2907000000000003E-002   4.9809265685988149E-006
   9.3906000000000003E-002   5.2785383735772230E-006
   9.4905000000000003E-002   5.5863635004592085E-006
   9.5904000000000017E-002   5.9043850187995765E-006
   9.6903000000000017E-002   6.2325730728855695E-006
   9.7902000000000017E-002   6.5708851349794612E-006
   9.8901000000000017E-002   6.9192662798351247E-006
   9.9900000000000017E-002   7.2776494783748711E-006
  0.10089900000000002        7.6459559084928138E-006
  0.10189800000000002        8.0240952810354993E-006
  0.10289700000000002        8.4119661790963554E-006
  0.10389600000000002        8.8094564088493720E-006
  0.10489500000000002        9.2164433602367187E-006
  0.10589400000000002        9.6327943759140696E-006
  0.10689300000000002        1.0058367126946981E-005
  0.10789200000000002        1.0493009993839494E-005
  0.10889100000000002        1.0936562451563577E-005
  0.10989000000000002        1.1388855457342459E-005
  0.11088900000000002        1.1849711840024762E-005
  0.11188800000000002        1.2318946689966712E-005
  0.11288700000000002        1.2796367748417504E-005
  0.11388600000000001        1.3281775795480066E-005
  0.11488500000000001        1.3774965035789770E-005
  0.11588400000000001        1.4275723481125967E-005
  0.11688300000000001        1.4783833329235807E-005
  0.11788200000000001        1.5299071338215541E-005
  0.11888100000000001        1.5821209195853314E-005
  0.11988000000000001        1.6350013883397078E-005
  0.12087900000000001        1.6885248033264316E-005
  0.12187800000000001        1.7426670280263309E-005
  0.12287700000000001        1.7974035605943803E-005
  0.12387600000000001        1.8527095675740866E-005
  0.12487500000000001        1.9085599168619851E-005
  0.12587400000000001        1.9649292098969623E-005
  0.12687300000000001        2.0217918130531037E-005
  0.12787200000000001        2.0791218882181187E-005
  0.12887100000000001        2.1368934225427656E-005
  0.12987000000000001        2.1950802573499905E-005
  0.13086900000000001        2.2536561161949268E-005
  0.13186800000000001        2.3125946320699607E-005
  0.13286700000000001        2.3718693737513045E-005
  0.13386600000000001        2.4314538712857554E-005
  0.13486500000000001        2.4913216406185662E-005
  0.13586400000000001        2.5514462073650071E-005
  0.13686300000000001        2.6118011297301493E-005
  0.13786200000000001        2.6723600205829521E-005
  0.13886100000000001        2.7330965686919631E-005
  0.13986000000000001        2.7939845591315848E-005
  0.14085900000000001        2.8549978928687258E-005
  0.14185800000000001        2.9161106055409345E-005
  0.14285700000000001        2.9772968854378583E-005
  0.14385600000000001        3.0385310906989384E-005
  0.14485500000000001        3.0997877657406455E-005
  0.14585400000000001        3.1610416569275911E-005
  0.14685300000000001        3.2222677275022012E-005
  0.14785200000000001        3.2834411717879697E-005
  0.14885100000000001        3.3445374286820832E-005
  0.14985000000000001        3.4055321944531959E-005
  0.15084900000000001        3.4664014348605832E-005
  0.15184800000000001        3.5271213966110856E-005
  0.15284700000000001        3.5876686181703390E-005
  0.15384600000000001        3.6480199399449809E-005
  0.15484500000000001        3.7081525138525627E-005
  0.15584400000000001        3.7680438122958796E-005
  0.15684300000000001        3.8276716365583285E-005
  0.15784200000000001        3.8870141246371796E-005
  0.15884100000000001        3.9460497585310586E-005
  0.15984000000000001        4.0047573709982791E-005
  0.16083900000000001        4.0631161518021950E-005
  0.16183800000000001        4.1211056534598470E-005
  0.16283700000000001        4.1787057965096995E-005
  0.16383600000000001        4.2358968743143168E-005
  0.16483500000000001        4.2926595574133626E-005
  0.16583400000000001        4.3489748974425153E-005
  0.16683300000000001        4.4048243306327582E-005
  0.16783200000000001        4.4601896809054985E-005
  0.16883100000000001        4.5150531625774259E-005
  0.16983000000000001        4.5693973826895497E-005
  0.17082900000000001        4.6232053429745532E-005
  0.17182800000000001        4.6764604414755565E-005
  0.17282700000000001        4.7291464738302283E-005
  0.17382600000000001        4.7812476342327903E-005
  0.17482500000000001        4.8327485160869351E-005
  0.17582400000000001        4.8836341123619476E-005
  0.17682300000000001        4.9338898156641882E-005
  0.17782200000000001        4.9835014180357450E-005
  0.17882100000000001        5.0324551104918056E-005
  0.17982000000000001        5.0807374823077310E-005
  0.18081900000000001        5.1283355200670848E-005
  0.18181800000000001        5.1752366064810594E-005
  0.18281700000000001        5.2214285189892757E-005
  0.18381600000000001        5.2668994281526589E-005
  0.18481500000000001        5.3116378958474963E-005
  0.18581400000000001        5.3556328732702301E-005
  0.18681300000000001        5.3988736987625812E-005
  0.18781200000000001        5.4413500954651631E-005
  0.18881100000000001        5.4830521688087540E-005
  0.18981000000000001        5.5239704038513209E-005
  0.19080900000000001        5.5640956624688714E-005
  0.19180800000000003        5.6034191804079441E-005
  0.19280700000000003        5.6419325642073673E-005
  0.19380600000000003        5.6796277879965616E-005
  0.19480500000000003        5.7164971901772607E-005
  0.19580400000000003        5.7525334699958899E-005
  0.19680300000000003        5.7877296840126516E-005
  0.19780200000000003        5.8220792424743338E-005
  0.19880100000000003        5.8555759055962824E-005
  0.19980000000000003        5.8882137797600245E-005
  0.20079900000000003        5.9199873136320515E-005
  0.20179800000000003        5.9508912942091696E-005
  0.20279700000000003        5.9809208427959716E-005
  0.20379600000000003        6.0100714109192722E-005
  0.20479500000000003        6.0383387761847772E-005
  0.20579400000000003        6.0657190380803562E-005
  0.20679300000000003        6.0922086137308092E-005
  0.20779200000000003        6.1178042336083643E-005
  0.20879100000000003        6.1425029372030269E-005
  0.20979000000000003        6.1663020686572500E-005
  0.21078900000000003        6.1891992723681641E-005
  0.21178800000000003        6.2111924885619170E-005
  0.21278700000000003        6.2322799488430337E-005
  0.21378600000000003        6.2524601717225376E-005
  0.21478500000000003        6.2717319581282393E-005
  0.21578400000000003        6.2900943869002933E-005
  0.21678300000000003        6.3075468102748121E-005
  0.21778200000000003        6.3240888493589775E-005
  0.21878100000000003        6.3397203895998911E-005
  0.21978000000000003        6.3544415762502686E-005
  0.22077900000000003        6.3682528098332254E-005
  0.22177800000000003        6.3811547416088346E-005
  0.22277700000000003        6.3931482690446906E-005
  0.22377600000000003        6.4042345312925248E-005
  0.22477500000000003        6.4144149046735309E-005
  0.22577400000000003        6.4236909981737748E-005
  0.22677300000000003        6.4320646489520806E-005
  0.22777200000000003        6.4395379178622118E-005
  0.22877100000000003        6.4461130849906775E-005
  0.22977000000000003        6.4517926452126582E-005
  0.23076900000000003        6.4565793037665555E-005
  0.23176800000000003        6.4604759718498459E-005
  0.23276700000000003        6.4634857622366358E-005
  0.23376600000000003        6.4656119849191185E-005
  0.23476500000000003        6.4668581427734692E-005
  0.23576400000000003        6.4672279272522256E-005
  0.23676300000000003        6.4667252141034393E-005
  0.23776200000000003        6.4653540591184724E-005
  0.23876100000000003        6.4631186939088976E-005
  0.23976000000000003        6.4600235217138083E-005
  0.24075900000000003        6.4560731132383699E-005
  0.24175800000000003        6.4512722025243286E-005
  0.24275700000000003        6.4456256828536473E-005
  0.24375600000000003        6.4391386026854986E-005
  0.24475500000000003        6.4318161616279390E-005
  0.24575400000000003        6.4236637064444031E-005
  0.24675300000000003        6.4146867270959806E-005
  0.24775200000000003        6.4048908528196923E-005
  0.24875100000000003        6.3942818482440317E-005
  0.24975000000000003        6.3828656095412089E-005
  0.25074900000000000        6.3706481606174445E-005
  0.25174800000000003        6.3576356493413039E-005
  0.25274700000000000        6.3438343438106592E-005
  0.25374600000000003        6.3292506286585087E-005
  0.25474500000000000        6.3138910013977684E-005
  0.25574400000000003        6.2977620688059682E-005
  0.25674300000000005        6.2808705433493466E-005
  0.25774200000000003        6.2632232396471756E-005
  0.25874100000000005        6.2448270709761054E-005
  0.25974000000000003        6.2256890458149987E-005
  0.26073900000000005        6.2058162644301599E-005
  0.26173800000000003        6.1852159155013255E-005
  0.26273700000000005        6.1638952727883519E-005
  0.26373600000000003        6.1418616918388323E-005
  0.26473500000000005        6.1191226067363360E-005
  0.26573400000000003        6.0956855268901081E-005
  0.26673300000000005        6.0715580338650573E-005
  0.26773200000000003        6.0467477782534296E-005
  0.26873100000000005        6.0212624765868820E-005
  0.26973000000000003        5.9951099082897569E-005
  0.27072900000000005        5.9682979126732304E-005
  0.27172800000000003        5.9408343859703065E-005
  0.27272700000000005        5.9127272784113723E-005
  0.27372600000000002        5.8839845913407454E-005
  0.27472500000000005        5.8546143743735629E-005
  0.27572400000000002        5.8246247225931598E-005
  0.27672300000000005        5.7940237737888421E-005
  0.27772200000000002        5.7628197057338591E-005
  0.27872100000000005        5.7310207335033262E-005
  0.27972000000000002        5.6986351068322477E-005
  0.28071900000000005        5.6656711075130073E-005
  0.28171800000000002        5.6321370468327102E-005
  0.28271700000000005        5.5980412630495747E-005
  0.28371600000000002        5.5633921189088559E-005
  0.28471500000000005        5.5281979991974114E-005
  0.28571400000000002        5.4924673083373865E-005
  0.28671300000000005        5.4562084680181551E-005
  0.28771200000000002        5.4194299148668398E-005
  0.28871100000000005        5.3821400981568470E-005
  0.28971000000000002        5.3443474775543258E-005
  0.29070900000000005        5.3060605209022319E-005
  0.29170800000000002        5.2672877020419456E-005
  0.29270700000000005        5.2280374986718191E-005
  0.29370600000000002        5.1883183902429910E-005
  0.29470500000000005        5.1481388558915197E-005
  0.29570400000000002        5.1075073724071933E-005
  0.29670300000000005        5.0664324122382777E-005
  0.29770200000000002        5.0249224415323319E-005
  0.29870100000000005        4.9829859182126073E-005
  0.29970000000000002        4.9406312900896241E-005
  0.30069900000000005        4.8978669930080897E-005
  0.30169800000000002        4.8547014490284394E-005
  0.30269700000000005        4.8111430646428586E-005
  0.30369600000000002        4.7672002290259447E-005
  0.30469500000000005        4.7228813123186990E-005
  0.30569400000000002        4.6781946639467801E-005
  0.30669300000000005        4.6331486109718519E-005
  0.30769200000000002        4.5877514564761441E-005
  0.30869100000000005        4.5420114779798685E-005
  0.30969000000000002        4.4959369258911196E-005
  0.31068900000000005        4.4495360219881301E-005
  0.31168800000000002        4.4028169579333973E-005
  0.31268700000000005        4.3557878938196012E-005
  0.31368600000000002        4.3084569567468157E-005
  0.31468500000000005        4.2608322394309826E-005
  0.31568400000000002        4.2129217988430335E-005
  0.31668300000000005        4.1647336548786685E-005
  0.31768200000000002        4.1162757890583886E-005
  0.31868100000000005        4.0675561432574069E-005
  0.31968000000000002        4.0185826184652846E-005
  0.32067900000000005        3.9693630735749207E-005
  0.32167800000000002        3.9199053242007925E-005
  0.32267700000000005        3.8702171415256985E-005
  0.32367600000000002        3.8203062511764171E-005
  0.32467500000000005        3.7701803321272238E-005
  0.32567400000000002        3.7198470156316621E-005
  0.32667300000000005        3.6693138841818219E-005
  0.32767200000000002        3.6185884704951917E-005
  0.32867100000000005        3.5676782565282434E-005
  0.32967000000000002        3.5165906725174150E-005
  0.33066900000000005        3.4653330960460780E-005
  0.33166800000000002        3.4139128511381705E-005
  0.33266700000000005        3.3623372073776675E-005
  0.33366600000000002        3.3106133790537024E-005
  0.33466500000000005        3.2587485243313228E-005
  0.33566400000000002        3.2067497444472424E-005
  0.33666300000000005        3.1546240829305899E-005
  0.33766200000000002        3.1023785248482311E-005
  0.33866100000000005        3.0500199960744844E-005
  0.33966000000000002        2.9975553625848355E-005
  0.34065900000000005        2.9449914297736122E-005
  0.34165800000000002        2.8923349417950626E-005
  0.34265700000000004        2.8395925809278316E-005
  0.34365600000000002        2.7867709669624189E-005
  0.34465500000000004        2.7338766566113007E-005
  0.34565400000000002        2.6809161429417783E-005
  0.34665300000000004        2.6278958548308254E-005
  0.34765200000000002        2.5748221564420522E-005
  0.34865100000000004        2.5217013467243650E-005
  0.34965000000000002        2.4685396589320440E-005
  0.35064900000000004        2.4153432601661860E-005
  0.35164800000000002        2.3621182509368854E-005
  0.35264700000000004        2.3088706647462994E-005
  0.35364600000000002        2.2556064676921749E-005
  0.35464500000000004        2.2023315580914037E-005
  0.35564400000000002        2.1490517661238158E-005
  0.35664300000000004        2.0957728534954528E-005
  0.35764200000000002        2.0425005131215082E-005
  0.35864100000000004        1.9892403688283368E-005
  0.35964000000000002        1.9359979750746104E-005
  0.36063900000000004        1.8827788166911315E-005
  0.36163800000000001        1.8295883086391562E-005
  0.36263700000000004        1.7764317957870612E-005
  0.36363600000000001        1.7233145527051082E-005
  0.36463500000000004        1.6702417834777639E-005
  0.36563400000000001        1.6172186215339454E-005
  0.36663300000000004        1.5642501294943307E-005
  0.36763200000000001        1.5113412990359951E-005
  0.36863100000000004        1.4584970507737418E-005
  0.36963000000000001        1.4057222341583012E-005
  0.37062900000000004        1.3530216273907573E-005
  0.37162800000000001        1.3003999373533976E-005
  0.37262700000000004        1.2478617995564067E-005
  0.37362600000000001        1.1954117781003466E-005
  0.37462500000000004        1.1430543656542636E-005
  0.37562400000000001        1.0907939834490588E-005
  0.37662300000000004        1.0386349812859591E-005
  0.37762200000000001        9.8658163756000181E-006
  0.37862100000000004        9.3463815929800791E-006
  0.37962000000000001        8.8280868221118804E-006
  0.38061900000000004        8.3109727076196206E-006
  0.38161800000000001        7.7950791824475648E-006
  0.38261700000000004        7.2804454688073172E-006
  0.38361600000000007        6.7671100792605886E-006
  0.38461500000000004        6.2551108179366755E-006
  0.38561400000000007        5.7444847818818532E-006
  0.38661300000000004        5.2352683625388407E-006
  0.38761200000000007        4.7274972473540267E-006
  0.38861100000000004        4.2212064215113231E-006
  0.38961000000000007        3.7164301697894497E-006
  0.39060900000000004        3.2132020785415625E-006
  0.39160800000000007        2.7115550377944888E-006
  0.39260700000000004        2.2115212434666220E-006
  0.39360600000000007        1.7131321997005735E-006
  0.39460500000000004        1.2164187213120736E-006
  0.39560400000000007        7.2141093634854851E-007
  0.39660300000000004        2.2813828875974254E-007
  0.39760200000000007       -2.6337045882461588E-007
  0.39860100000000004       -7.5308722220954394E-007
  0.39960000000000007       -1.2409845926465666E-006
  0.40059900000000004       -1.7270358337415509E-006
  0.40159800000000007       -2.2112148782627514E-006
  0.40259700000000004       -2.6934963248494804E-006
  0.40359600000000007       -3.1738554346248678E-006
  0.40459500000000004       -3.6522681277115190E-006
  0.40559400000000007       -4.1287109796566963E-006
  0.40659300000000004       -4.6031612177631196E-006
  0.40759200000000007       -5.0755967173328170E-006
  0.40859100000000004       -5.5459959978214853E-006
  0.40959000000000007       -6.0143382189073363E-006
  0.41058900000000004       -6.4806031764764136E-006
  0.41158800000000006       -6.9447712985243590E-006
  0.41258700000000004       -7.4068236409784283E-006
  0.41358600000000006       -7.8667418834404148E-006
  0.41458500000000004       -8.3245083248523445E-006
  0.41558400000000006       -8.7801058790870367E-006
  0.41658300000000004       -9.2335180704648367E-006
  0.41758200000000006       -9.6847290291985741E-006
  0.41858100000000004       -1.0133723486768083E-005
  0.41958000000000006       -1.0580486771227149E-005
  0.42057900000000004       -1.1025004802442012E-005
  0.42157800000000006       -1.1467264087266983E-005
  0.42257700000000004       -1.1907251714654523E-005
  0.42357600000000006       -1.2344955350705010E-005
  0.42457500000000004       -1.2780363233655910E-005
  0.42557400000000006       -1.3213464168812824E-005
  0.42657300000000004       -1.3644247523423343E-005
  0.42757200000000006       -1.4072703221495982E-005
  0.42857100000000004       -1.4498821738566189E-005
  0.42957000000000006       -1.4922594096409177E-005
  0.43056900000000004       -1.5344011857703944E-005
  0.43156800000000006       -1.5763067120647468E-005
  0.43256700000000003       -1.6179752513522478E-005
  0.43356600000000006       -1.6594061189219728E-005
  0.43456500000000003       -1.7005986819715824E-005
  0.43556400000000006       -1.7415523590509425E-005
  0.43656300000000003       -1.7822666195015961E-005
  0.43756200000000006       -1.8227409828923636E-005
  0.43856100000000003       -1.8629750184511469E-005
  0.43956000000000006       -1.9029683444931152E-005
  0.44055900000000003       -1.9427206278454311E-005
  0.44155800000000006       -1.9822315832686445E-005
  0.44255700000000003       -2.0215009728749878E-005
  0.44355600000000006       -2.0605286055435432E-005
  0.44455500000000003       -2.0993143363326612E-005
  0.44555400000000006       -2.1378580658895838E-005
  0.44655300000000003       -2.1761597398574982E-005
  0.44755200000000006       -2.2142193482802472E-005
  0.44855100000000003       -2.2520369250046431E-005
  0.44955000000000006       -2.2896125470807151E-005
  0.45054900000000003       -2.3269463341599386E-005
  0.45154800000000006       -2.3640384478916820E-005
  0.45254700000000003       -2.4008890913178000E-005
  0.45354600000000006       -2.4374985082657885E-005
  0.45454500000000003       -2.4738669827404601E-005
  0.45554400000000006       -2.5099948383143317E-005
  0.45654300000000003       -2.5458824375168300E-005
  0.45754200000000006       -2.5815301812225632E-005
  0.45854100000000003       -2.6169385080385628E-005
  0.45954000000000006       -2.6521078936910027E-005
  0.46053900000000003       -2.6870388504110293E-005
  0.46153800000000006       -2.7217319263203725E-005
  0.46253700000000003       -2.7561877048163938E-005
  0.46353600000000006       -2.7904068039571023E-005
  0.46453500000000003       -2.8243898758459180E-005
  0.46553400000000006       -2.8581376060166104E-005
  0.46653300000000003       -2.8916507128182959E-005
  0.46753200000000006       -2.9249299468008186E-005
  0.46853100000000003       -2.9579760901004973E-005
  0.46953000000000006       -2.9907899558264521E-005
  0.47052900000000003       -3.0233723874475400E-005
  0.47152800000000006       -3.0557242581802097E-005
  0.47252700000000003       -3.0878464703770925E-005
  0.47352600000000006       -3.1197399549167792E-005
  0.47452500000000003       -3.1514056705946935E-005
  0.47552400000000006       -3.1828446035152248E-005
  0.47652300000000003       -3.2140577664852375E-005
  0.47752200000000006       -3.2450461984091623E-005
  0.47852100000000003       -3.2758109636856377E-005
  0.47952000000000006       -3.3063531516058731E-005
  0.48051900000000003       -3.3366738757539204E-005
  0.48151800000000006       -3.3667742734088860E-005
  0.48251700000000003       -3.3966555049491449E-005
  0.48351600000000006       -3.4263187532588613E-005
  0.48451500000000003       -3.4557652231366492E-005
  0.48551400000000006       -3.4849961407067317E-005
  0.48651300000000003       -3.5140127528325803E-005
  0.48751200000000006       -3.5428163265331031E-005
  0.48851100000000003       -3.5714081484016072E-005
  0.48951000000000006       -3.5997895240275135E-005
  0.49050900000000003       -3.6279617774210215E-005
  0.49150800000000006       -3.6559262504407792E-005
  0.49250700000000003       -3.6836843022246179E-005
  0.49350600000000006       -3.7112373086235212E-005
  0.49450500000000003       -3.7385866616389431E-005
  0.49550400000000006       -3.7657337688633812E-005
  0.49650300000000003       -3.7926800529245909E-005
  0.49750200000000006       -3.8194269509332759E-005
  0.49850100000000003       -3.8459759139344884E-005
  0.49950000000000006       -3.8723284063627582E-005
  0.50049900000000003       -3.8984859055011369E-005
  0.50149800000000000       -3.9244499009440430E-005
  0.50249700000000008       -3.9502218940642717E-005
  0.50349600000000005       -3.9758033974839836E-005
  0.50449500000000003       -4.0011959345499430E-005
  0.50549400000000000       -4.0264010388129917E-005
  0.50649300000000008       -4.0514202535118937E-005
  0.50749200000000005       -4.0762551310614958E-005
  0.50849100000000003       -4.1009072325455703E-005
  0.50949000000000000       -4.1253781272140040E-005
  0.51048900000000008       -4.1496693919848493E-005
  0.51148800000000005       -4.1737826109508807E-005
  0.51248700000000003       -4.1977193748911000E-005
  0.51348600000000011       -4.2214812807870020E-005
  0.51448500000000008       -4.2450699313438119E-005
  0.51548400000000005       -4.2684869345166784E-005
  0.51648300000000003       -4.2917339030418711E-005
  0.51748200000000011       -4.3148124539732240E-005
  0.51848100000000008       -4.3377242082236494E-005
  0.51948000000000005       -4.3604707901118317E-005
  0.52047900000000002       -4.3830538269144059E-005
  0.52147800000000011       -4.4054749484232802E-005
  0.52247700000000008       -4.4277357865084473E-005
  0.52347600000000005       -4.4498379746862841E-005
  0.52447500000000002       -4.4717831476933074E-005
  0.52547400000000011       -4.4935729410654383E-005
  0.52647300000000008       -4.5152089907230543E-005
  0.52747200000000005       -4.5366929325614048E-005
  0.52847100000000002       -4.5580264020470343E-005
  0.52947000000000011       -4.5792110338196707E-005
  0.53046900000000008       -4.6002484613000802E-005
  0.53146800000000005       -4.6211403163036452E-005
  0.53246700000000002       -4.6418882286598654E-005
  0.53346600000000011       -4.6624938258376408E-005
  0.53446500000000008       -4.6829587325766338E-005
  0.53546400000000005       -4.7032845705244583E-005
  0.53646300000000002       -4.7234729578799313E-005
  0.53746200000000011       -4.7435255090423735E-005
  0.53846100000000008       -4.7634438342668131E-005
  0.53946000000000005       -4.7832295393254804E-005
  0.54045900000000002       -4.8028842251752142E-005
  0.54145800000000011       -4.8224094876311137E-005
  0.54245700000000008       -4.8418069170462174E-005
  0.54345600000000005       -4.8610780979974773E-005
  0.54445500000000002       -4.8802246089778226E-005
  0.54545400000000011       -4.8992480220944066E-005
  0.54645300000000008       -4.9181499027731426E-005
  0.54745200000000005       -4.9369318094693951E-005
  0.54845100000000002       -4.9555952933849061E-005
  0.54945000000000010       -4.9741418981909785E-005
  0.55044900000000008       -4.9925731597579115E-005
  0.55144800000000005       -5.0108906058906453E-005
  0.55244700000000002       -5.0290957560707411E-005
  0.55344600000000010       -5.0471901212045161E-005
  0.55444500000000008       -5.0651752033774806E-005
  0.55544400000000005       -5.0830524956150936E-005
  0.55644300000000002       -5.1008234816495936E-005
  0.55744200000000010       -5.1184896356932963E-005
  0.55844100000000008       -5.1360524222179381E-005
  0.55944000000000005       -5.1535132957403890E-005
  0.56043900000000002       -5.1708737006144190E-005
  0.56143800000000010       -5.1881350708288636E-005
  0.56243700000000008       -5.2052988298118719E-005
  0.56343600000000005       -5.2223663902412671E-005
  0.56443500000000002       -5.2393391538612097E-005
  0.56543400000000010       -5.2562185113049112E-005
  0.56643300000000008       -5.2730058419234373E-005
  0.56743200000000005       -5.2897025136207127E-005
  0.56843100000000002       -5.3063098826944590E-005
  0.56943000000000010       -5.3228292936832810E-005
  0.57042900000000007       -5.3392620792197385E-005
  0.57142800000000005       -5.3556095598893670E-005
  0.57242700000000002       -5.3718730440957295E-005
  0.57342600000000010       -5.3880538279313069E-005
  0.57442500000000007       -5.4041531950543137E-005
  0.57542400000000005       -5.4201724165714006E-005
  0.57642300000000002       -5.4361127509261345E-005
  0.57742200000000010       -5.4519754437932724E-005
  0.57842100000000007       -5.4677617279786976E-005
  0.57942000000000005       -5.4834728233251740E-005
  0.58041900000000002       -5.4991099366237429E-005
  0.58141800000000010       -5.5146742615305292E-005
  0.58241700000000007       -5.5301669784893995E-005
  0.58341600000000005       -5.5455892546598909E-005
  0.58441500000000002       -5.5609422438507571E-005
  0.58541400000000010       -5.5762270864588306E-005
  0.58641300000000007       -5.5914449094133199E-005
  0.58741200000000005       -5.6065968261253205E-005
  0.58841100000000002       -5.6216839364426839E-005
  0.58941000000000010       -5.6367073266100073E-005
  0.59040900000000007       -5.6516680692337991E-005
  0.59140800000000004       -5.6665672232526765E-005
  0.59240700000000002       -5.6814058339126805E-005
  0.59340600000000010       -5.6961849327473930E-005
  0.59440500000000007       -5.7109055375631447E-005
  0.59540400000000004       -5.7255686524288630E-005
  0.59640300000000002       -5.7401752676708572E-005
  0.59740200000000010       -5.7547263598721426E-005
  0.59840100000000007       -5.7692228918765552E-005
  0.59940000000000004       -5.7836658127973187E-005
  0.60039900000000002       -5.7980560580301983E-005
  0.60139800000000010       -5.8123945492709203E-005
  0.60239700000000007       -5.8266821945372558E-005
  0.60339600000000004       -5.8409198881950021E-005
  0.60439500000000002       -5.8551085109885118E-005
  0.60539400000000010       -5.8692489300751385E-005
  0.60639300000000007       -5.8833419990638673E-005
  0.60739200000000004       -5.8973885580579083E-005
  0.60839100000000002       -5.9113894337010978E-005
  0.60939000000000010       -5.9253454392283948E-005
  0.61038900000000007       -5.9392573745197995E-005
  0.61138800000000004       -5.9531260261581834E-005
  0.61238700000000001       -5.9669521674906907E-005
  0.61338600000000010       -5.9807365586935614E-005
  0.61438500000000007       -5.9944799468404801E-005
  0.61538400000000004       -6.0081830659742972E-005
  0.61638300000000001       -6.0218466371819329E-005
  0.61738200000000010       -6.0354713686725954E-005
  0.61838100000000007       -6.0490579558590211E-005
  0.61938000000000004       -6.0626070814417845E-005
  0.62037900000000001       -6.0761194154965607E-005
  0.62137800000000010       -6.0895956155643043E-005
  0.62237700000000007       -6.1030363267440783E-005
  0.62337600000000004       -6.1164421817886880E-005
  0.62437500000000001       -6.1298138012029493E-005
  0.62537400000000010       -6.1431517933443884E-005
  0.62637300000000007       -6.1564567545264808E-005
  0.62737200000000004       -6.1697292691241878E-005
  0.62837100000000001       -6.1829699096818406E-005
  0.62937000000000010       -6.1961792370231547E-005
  0.63036900000000007       -6.2093578003633918E-005
  0.63136800000000004       -6.2225061374235482E-005
  0.63236700000000001       -6.2356247745464616E-005
  0.63336600000000010       -6.2487142268148176E-005
  0.63436500000000007       -6.2617749981708708E-005
  0.63536400000000004       -6.2748075815379178E-005
  0.63636300000000001       -6.2878124589433663E-005
  0.63736200000000010       -6.3007901016432784E-005
  0.63836100000000007       -6.3137409702484695E-005
  0.63936000000000004       -6.3266655148518200E-005
  0.64035900000000012       -6.3395641751570056E-005
  0.64135800000000009       -6.3524373806083469E-005
  0.64235700000000007       -6.3652855505217659E-005
  0.64335600000000004       -6.3781090942168880E-005
  0.64435500000000012       -6.3909084111499518E-005
  0.64535400000000009       -6.4036838910477416E-005
  0.64635300000000007       -6.4164359140421860E-005
  0.64735200000000004       -6.4291648508058437E-005
  0.64835100000000012       -6.4418710626878270E-005
  0.64935000000000009       -6.4545549018505178E-005
  0.65034900000000007       -6.4672167114066258E-005
  0.65134800000000004       -6.4798568255567668E-005
  0.65234700000000012       -6.4924755697272815E-005
  0.65334600000000009       -6.5050732607084232E-005
  0.65434500000000007       -6.5176502067927300E-005
  0.65534400000000004       -6.5302067079135099E-005
  0.65634300000000012       -6.5427430557834119E-005
  0.65734200000000009       -6.5552595340329835E-005
  0.65834100000000007       -6.5677564183491376E-005
  0.65934000000000004       -6.5802339766135113E-005
  0.66033900000000012       -6.5926924690406147E-005
  0.66133800000000009       -6.6051321483157012E-005
  0.66233700000000006       -6.6175532597323458E-005
  0.66333600000000004       -6.6299560413295370E-005
  0.66433500000000012       -6.6423407240284203E-005
  0.66533400000000009       -6.6547075317684813E-005
  0.66633300000000006       -6.6670566816431611E-005
  0.66733200000000004       -6.6793883840348466E-005
  0.66833100000000012       -6.6917028427492006E-005
  0.66933000000000009       -6.7040002551486741E-005
  0.67032900000000006       -6.7162808122853512E-005
  0.67132800000000004       -6.7285446990328964E-005
  0.67232700000000012       -6.7407920942175425E-005
  0.67332600000000009       -6.7530231707482600E-005
  0.67432500000000006       -6.7652380957458703E-005
  0.67532400000000004       -6.7774370306711515E-005
  0.67632300000000012       -6.7896201314517995E-005
  0.67732200000000009       -6.8017875486084246E-005
  0.67832100000000006       -6.8139394273792332E-005
  0.67932000000000003       -6.8260759078435512E-005
  0.68031900000000012       -6.8381971250442005E-005
  0.68131800000000009       -6.8503032091084108E-005
  0.68231700000000006       -6.8623942853676694E-005
  0.68331600000000003       -6.8744704744760140E-005
  0.68431500000000012       -6.8865318925270550E-005
  0.68531400000000009       -6.8985786511695295E-005
  0.68631300000000006       -6.9106108577215292E-005
  0.68731200000000003       -6.9226286152831266E-005
  0.68831100000000012       -6.9346320228476233E-005
  0.68931000000000009       -6.9466211754111738E-005
  0.69030900000000006       -6.9585961640810241E-005
  0.69130800000000003       -6.9705570761820115E-005
  0.69230700000000012       -6.9825039953616319E-005
  0.69330600000000009       -6.9944370016934362E-005
  0.69430500000000006       -7.0063561717788423E-005
  0.69530400000000003       -7.0182615788472392E-005
  0.69630300000000012       -7.0301532928546131E-005
  0.69730200000000009       -7.0420313805803073E-005
  0.69830100000000006       -7.0538959057222874E-005
  0.69930000000000003       -7.0657469289905979E-005
  0.70029900000000012       -7.0775845081992421E-005
  0.70129800000000009       -7.0894086983562811E-005
  0.70229700000000006       -7.1012195517523020E-005
  0.70329600000000003       -7.1130171180470845E-005
  0.70429500000000012       -7.1248014443546666E-005
  0.70529400000000009       -7.1365725753266449E-005
  0.70629300000000006       -7.1483305532337718E-005
  0.70729200000000003       -7.1600754180458243E-005
  0.70829100000000011       -7.1718072075098379E-005
  0.70929000000000009       -7.1835259572265462E-005
  0.71028900000000006       -7.1952317007251549E-005
  0.71128800000000003       -7.2069244695364466E-005
  0.71228700000000011       -7.2186042932641833E-005
  0.71328600000000009       -7.2302711996548416E-005
  0.71428500000000006       -7.2419252146656011E-005
  0.71528400000000003       -7.2535663625307860E-005
  0.71628300000000011       -7.2651946658266255E-005
  0.71728200000000009       -7.2768101455342844E-005
  0.71828100000000006       -7.2884128211014466E-005
  0.71928000000000003       -7.3000027105020823E-005
  0.72027900000000011       -7.3115798302948154E-005
  0.72127800000000009       -7.3231441956795289E-005
  0.72227700000000006       -7.3346958205525978E-005
  0.72327600000000003       -7.3462347175604057E-005
  0.72427500000000011       -7.3577608981514769E-005
  0.72527400000000009       -7.3692743726268964E-005
  0.72627300000000006       -7.3807751501895686E-005
  0.72727200000000003       -7.3922632389916720E-005
  0.72827100000000011       -7.4037386461808121E-005
  0.72927000000000008       -7.4152013779448276E-005
  0.73026900000000006       -7.4266514395550661E-005
  0.73126800000000003       -7.4380888354082640E-005
  0.73226700000000011       -7.4495135690672102E-005
  0.73326600000000008       -7.4609256432999567E-005
  0.73426500000000006       -7.4723250601177189E-005
  0.73526400000000003       -7.4837118208115526E-005
  0.73626300000000011       -7.4950859259876961E-005
  0.73726200000000008       -7.5064473756017406E-005
  0.73826100000000006       -7.5177961689915313E-005
  0.73926000000000003       -7.5291323049089291E-005
  0.74025900000000011       -7.5404557815503977E-005
  0.74125800000000008       -7.5517665965863323E-005
  0.74225700000000006       -7.5630647471895427E-005
  0.74325600000000003       -7.5743502300623509E-005
  0.74425500000000011       -7.5856230414628824E-005
  0.74525400000000008       -7.5968831772301400E-005
  0.74625300000000006       -7.6081306328081532E-005
  0.74725200000000003       -7.6193654032691754E-005
  0.74825100000000011       -7.6305874833358298E-005
  0.74925000000000008       -7.6417968674024304E-005
  0.75024900000000005       -7.6529935495553159E-005
  0.75124800000000003       -7.6641775235923484E-005
  0.75224700000000011       -7.6753487830415551E-005
  0.75324600000000008       -7.6865073211789350E-005
  0.75424500000000005       -7.6976531310454850E-005
  0.75524400000000003       -7.7087862054633598E-005
  0.75624300000000011       -7.7199065370514398E-005
  0.75724200000000008       -7.7310141182400084E-005
  0.75824100000000005       -7.7421089412848696E-005
  0.75924000000000003       -7.7531909982806095E-005
  0.76023900000000011       -7.7642602811733933E-005
  0.76123800000000008       -7.7753167817729479E-005
  0.76223700000000005       -7.7863604917641297E-005
  0.76323600000000003       -7.7973914027177127E-005
  0.76423500000000011       -7.8084095061007128E-005
  0.76523400000000008       -7.8194147932861264E-005
  0.76623300000000005       -7.8304072555622210E-005
  0.76723200000000014       -7.8413868841411912E-005
  0.76823100000000011       -7.8523536701674578E-005
  0.76923000000000008       -7.8633076047254110E-005
  0.77022900000000005       -7.8742486788467784E-005
  0.77122800000000014       -7.8851768835174827E-005
  0.77222700000000011       -7.8960922096842285E-005
  0.77322600000000008       -7.9069946482605152E-005
  0.77422500000000005       -7.9178841901324920E-005
  0.77522400000000014       -7.9287608261642052E-005
  0.77622300000000011       -7.9396245472027847E-005
  0.77722200000000008       -7.9504753440830792E-005
  0.77822100000000005       -7.9613132076320961E-005
  0.77922000000000013       -7.9721381286731563E-005
  0.78021900000000011       -7.9829500980296822E-005
  0.78121800000000008       -7.9937491065288494E-005
  0.78221700000000005       -8.0045351450049046E-005
  0.78321600000000013       -8.0153082043022187E-005
  0.78421500000000011       -8.0260682752781809E-005
  0.78521400000000008       -8.0368153488059407E-005
  0.78621300000000005       -8.0475494157767404E-005
  0.78721200000000013       -8.0582704671022727E-005
  0.78821100000000011       -8.0689784937167604E-005
  0.78921000000000008       -8.0796734865788721E-005
  0.79020900000000005       -8.0903554366734912E-005
  0.79120800000000013       -8.1010243350133649E-005
  0.79220700000000011       -8.1116801726405276E-005
  0.79320600000000008       -8.1223229406276735E-005
  0.79420500000000005       -8.1329526300794578E-005
  0.79520400000000013       -8.1435692321335022E-005
  0.79620300000000011       -8.1541727379614450E-005
  0.79720200000000008       -8.1647631387698336E-005
  0.79820100000000005       -8.1753404258010085E-005
  0.79920000000000013       -8.1859045903336989E-005
  0.80019900000000010       -8.1964556236837775E-005
  0.80119800000000008       -8.2069935172047768E-005
  0.80219700000000005       -8.2175182622883875E-005
  0.80319600000000013       -8.2280298503649646E-005
  0.80419500000000010       -8.2385282729037900E-005
  0.80519400000000008       -8.2490135214134639E-005
  0.80619300000000005       -8.2594855874421467E-005
  0.80719200000000013       -8.2699444625778282E-005
  0.80819100000000010       -8.2803901384484400E-005
  0.80919000000000008       -8.2908226067220214E-005
  0.81018900000000005       -8.3012418591068827E-005
  0.81118800000000013       -8.3116478873515394E-005
  0.81218700000000010       -8.3220406832448893E-005
  0.81318600000000008       -8.3324202386161680E-005
  0.81418500000000005       -8.3427865453349257E-005
  0.81518400000000013       -8.3531395953110045E-005
  0.81618300000000010       -8.3634793804944607E-005
  0.81718200000000007       -8.3738058928755379E-005
  0.81818100000000005       -8.3841191244845466E-005
  0.81918000000000013       -8.3944190673917351E-005
  0.82017900000000010       -8.4047057137072001E-005
  0.82117800000000007       -8.4149790555807500E-005
  0.82217700000000005       -8.4252390852017532E-005
  0.82317600000000013       -8.4354857947989954E-005
  0.82417500000000010       -8.4457191766405037E-005
  0.82517400000000007       -8.4559392230333541E-005
  0.82617300000000005       -8.4661459263235712E-005
  0.82717200000000013       -8.4763392788958478E-005
  0.82817100000000010       -8.4865192731735026E-005
  0.82917000000000007       -8.4966859016180819E-005
  0.83016900000000005       -8.5068391567293692E-005
  0.83116800000000013       -8.5169790310450421E-005
  0.83216700000000010       -8.5271055171405656E-005
  0.83316600000000007       -8.5372186076289436E-005
  0.83416500000000005       -8.5473182951604915E-005
  0.83516400000000013       -8.5574045724227265E-005
  0.83616300000000010       -8.5674774321400449E-005
  0.83716200000000007       -8.5775368670736163E-005
  0.83816100000000004       -8.5875828700210545E-005
  0.83916000000000013       -8.5976154338164012E-005
  0.84015900000000010       -8.6076345513296732E-005
  0.84115800000000007       -8.6176402154669005E-005
  0.84215700000000004       -8.6276324191696815E-005
  0.84315600000000013       -8.6376111554152364E-005
  0.84415500000000010       -8.6475764172159444E-005
  0.84515400000000007       -8.6575281976193185E-005
  0.84615300000000004       -8.6674664897077382E-005
  0.84715200000000013       -8.6773912865982069E-005
  0.84815100000000010       -8.6873025814422411E-005
  0.84915000000000007       -8.6972003674255853E-005
  0.85014900000000004       -8.7070846377680715E-005
  0.85114800000000013       -8.7169553857233519E-005
  0.85214700000000010       -8.7268126045788016E-005
  0.85314600000000007       -8.7366562876551945E-005
  0.85414500000000004       -8.7464864283066381E-005
  0.85514400000000013       -8.7563030199202339E-005
  0.85614300000000010       -8.7661060559160889E-005
  0.85714200000000007       -8.7758955297468459E-005
  0.85814100000000004       -8.7856714348978062E-005
  0.85914000000000013       -8.7954337648864616E-005
  0.86013900000000010       -8.8051825132624663E-005
  0.86113800000000007       -8.8149176736074464E-005
  0.86213700000000004       -8.8246392395347005E-005
  0.86313600000000013       -8.8343472046891475E-005
  0.86413500000000010       -8.8440415627470700E-005
  0.86513400000000007       -8.8537223074159293E-005
  0.86613300000000004       -8.8633894324342518E-005
  0.86713200000000012       -8.8730429315713458E-005
  0.86813100000000010       -8.8826827986272298E-005
  0.86913000000000007       -8.8923090274323528E-005
  0.87012900000000004       -8.9019216118475027E-005
  0.87112800000000012       -8.9115205457635947E-005
  0.87212700000000010       -8.9211058231014923E-005
  0.87312600000000007       -8.9306774378118475E-005
  0.87412500000000004       -8.9402353838749190E-005
  0.87512400000000012       -8.9497796553004289E-005
  0.87612300000000010       -8.9593102461273455E-005
  0.87712200000000007       -8.9688271504237779E-005
  0.87812100000000004       -8.9783303622867412E-005
  0.87912000000000012       -8.9878198758420457E-005
  0.88011900000000010       -8.9972956852440962E-005
  0.88111800000000007       -9.0067577846757670E-005
  0.88211700000000004       -9.0162061683482129E-005
  0.88311600000000012       -9.0256408305007004E-005
  0.88411500000000010       -9.0350617654004806E-005
  0.88511400000000007       -9.0444689673425821E-005
  0.88611300000000004       -9.0538624306497347E-005
  0.88711200000000012       -9.0632421496721161E-005
  0.88811100000000009       -9.0726081187872640E-005
  0.88911000000000007       -9.0819603323999022E-005
  0.89010900000000004       -9.0912987849417880E-005
  0.89110800000000012       -9.1006234708715465E-005
  0.89210700000000009       -9.1099343846745364E-005
  0.89310600000000007       -9.1192315208627297E-005
  0.89410500000000004       -9.1285148739745148E-005
  0.89510400000000012       -9.1377844385745531E-005
  0.89610300000000009       -9.1470402092536598E-005
  0.89710200000000007       -9.1562821806286544E-005
  0.89810100000000015       -9.1655103473422121E-005
  0.89910000000000012       -9.1747247040627159E-005
  0.90009900000000009       -9.1839252454841143E-005
  0.90109800000000007       -9.1931119663258209E-005
  0.90209700000000015       -9.2022848613324896E-005
  0.90309600000000012       -9.2114439252739846E-005
  0.90409500000000009       -9.2205891529451814E-005
  0.90509400000000007       -9.2297205391658258E-005
  0.90609300000000015       -9.2388380787804307E-005
  0.90709200000000012       -9.2479417666581273E-005
  0.90809100000000009       -9.2570315976925685E-005
  0.90909000000000006       -9.2661075668017492E-005
  0.91008900000000015       -9.2751696689278933E-005
  0.91108800000000012       -9.2842178990373511E-005
  0.91208700000000009       -9.2932522521204741E-005
  0.91308600000000006       -9.3022727231914775E-005
  0.91408500000000015       -9.3112793072883175E-005
  0.91508400000000012       -9.3202719994725698E-005
  0.91608300000000009       -9.3292507948293548E-005
  0.91708200000000006       -9.3382156884671644E-005
  0.91808100000000015       -9.3471666755177667E-005
  0.91908000000000012       -9.3561037511361578E-005
  0.92007900000000009       -9.3650269105003404E-005
  0.92107800000000006       -9.3739361488113225E-005
  0.92207700000000015       -9.3828314612929577E-005
  0.92307600000000012       -9.3917128431918613E-005
  0.92407500000000009       -9.4005802897773120E-005
  0.92507400000000006       -9.4094337963412028E-005
  0.92607300000000015       -9.4182733581978353E-005
  0.92707200000000012       -9.4270989706839476E-005
  0.92807100000000009       -9.4359106291586517E-005
  0.92907000000000006       -9.4447083290032056E-005
  0.93006900000000015       -9.4534920656211152E-005
  0.93106800000000012       -9.4622618344379527E-005
  0.93206700000000009       -9.4710176309013565E-005
  0.93306600000000006       -9.4797594504809389E-005
  0.93406500000000015       -9.4884872886683244E-005
  0.93506400000000012       -9.4972011409769937E-005
  0.93606300000000009       -9.5059010029423498E-005
  0.93706200000000006       -9.5145868701216780E-005
  0.93806100000000014       -9.5232587380941343E-005
  0.93906000000000012       -9.5319166024607663E-005
  0.94005900000000009       -9.5405604588445374E-005
  0.94105800000000006       -9.5491903028903415E-005
  0.94205700000000014       -9.5578061302651268E-005
  0.94305600000000012       -9.5664079366579400E-005
  0.94405500000000009       -9.5749957177800475E-005
  0.94505400000000006       -9.5835694693650390E-005
  0.94605300000000014       -9.5921291871690898E-005
  0.94705200000000012       -9.6006748669710457E-005
  0.94805100000000009       -9.6092065045728339E-005
  0.94905000000000006       -9.6177240957995890E-005
  0.95004900000000014       -9.6262276365001868E-005
  0.95104800000000012       -9.6347171225475439E-005
  0.95204700000000009       -9.6431925498392196E-005
  0.95304600000000006       -9.6516539142979944E-005
  0.95404500000000014       -9.6601012118725476E-005
  0.95504400000000012       -9.6685344385383641E-005
  0.95604300000000009       -9.6769535902987047E-005
  0.95704200000000006       -9.6853586631857731E-005
  0.95804100000000014       -9.6937496532621507E-005
  0.95904000000000011       -9.7021265566223829E-005
  0.96003900000000009       -9.7104893693950573E-005
  0.96103800000000006       -9.7188380877450447E-005
  0.96203700000000014       -9.7271727078763500E-005
  0.96303600000000011       -9.7354932260354610E-005
  0.96403500000000009       -9.7437996385153999E-005
  0.96503400000000006       -9.7520919416605893E-005
  0.96603300000000014       -9.7603701318727749E-005
  0.96703200000000011       -9.7686342056182667E-005
  0.96803100000000009       -9.7768841594367170E-005
  0.96903000000000006       -9.7851199899521058E-005
  0.97002900000000014       -9.7933416938861677E-005
  0.97102800000000011       -9.8015492680752751E-005
  0.97202700000000009       -9.8097427094915647E-005
  0.97302600000000006       -9.8179220152697230E-005
  0.97402500000000014       -9.8260871827411165E-005
  0.97502400000000011       -9.8342382094776881E-005
  0.97602300000000008       -9.8423750933489520E-005
  0.97702200000000006       -9.8504978325968730E-005
  0.97802100000000014       -9.8586064259348366E-005
  0.97902000000000011       -9.8667008726808551E-005
  0.98001900000000008       -9.8747811729381514E-005
  0.98101800000000006       -9.8828473278444372E-005
  0.98201700000000014       -9.8908993399206166E-005
  0.98301600000000011       -9.8989372135674581E-005
  0.98401500000000008       -9.9069609557862366E-005
  0.98501400000000006       -9.9149705772470721E-005
  0.98601300000000014       -9.9229660939101526E-005
  0.98701200000000011       -9.9309475295533583E-005
  0.98801100000000008       -9.9389149198348818E-005
  0.98901000000000006       -9.9468683190565796E-005
  0.99000900000000014       -9.9548078118934230E-005
  0.99100800000000011       -9.9627335347391417E-005
  0.99200700000000008       -9.9706457168593194E-005
  0.99300600000000006       -9.9785447655229123E-005
  0.99400500000000014       -9.9864314583422738E-005
  0.99500400000000011       -9.9943074302804715E-005
  0.99600300000000008       -1.0002176612002488E-004
  0.99700200000000005       -1.0010050535086098E-004
  0.99800100000000014       -1.0017976336021567E-004
  0.99900000000000011       -1.0026345065256919E-004
