   9.9900000000000010E-004   8.5305379920054208E-240
   1.9980000000000002E-003   2.4373904692366048E-120
   2.9970000000000005E-003   1.3461671113811295E-080
   3.9960000000000004E-003   9.1777700688937059E-061
   4.9950000000000003E-003   6.9266356996528605E-049
   5.9940000000000011E-003   5.5474094530757394E-041
   6.9930000000000010E-003   2.3920823436175062E-035
   7.9920000000000008E-003   3.9510751367276809E-031
   8.9910000000000007E-003   7.4305811343772110E-028
   9.9900000000000006E-003   3.0576833857038416E-025
   1.0989000000000001E-002   4.1710550284155271E-023
   1.1988000000000002E-002   2.4876547059432305E-021
   1.2987000000000002E-002   7.8558704853128040E-020
   1.3986000000000002E-002   1.5060132086490205E-018
   1.4985000000000002E-002   1.9373361680629131E-017
   1.5984000000000002E-002   1.8027544077844225E-016
   1.6983000000000002E-002   1.2851330392924481E-015
   1.7982000000000001E-002   7.3386041416342680E-015
   1.8981000000000001E-002   3.4771106274040600E-014
   1.9980000000000001E-002   1.4059970177632195E-013
   2.0979000000000001E-002   4.9636186021775980E-013
   2.1978000000000001E-002   1.5586375944130119E-012
   2.2977000000000001E-002   4.4207824399201599E-012
   2.3976000000000004E-002   1.1471469970739201E-011
   2.4975000000000004E-002   2.7527791367255873E-011
   2.5974000000000004E-002   6.1645605825740082E-011
   2.6973000000000004E-002   1.2982871825381980E-010
   2.7972000000000004E-002   2.5885409641536577E-010
   2.8971000000000004E-002   4.9139895688584046E-010
   2.9970000000000004E-002   8.9259762987142448E-010
   3.0969000000000003E-002   1.5580762304850606E-009
   3.1968000000000003E-002   2.6234190065937901E-009
   3.2967000000000003E-002   4.2749211690920655E-009
   3.3966000000000003E-002   6.7613885739637978E-009
   3.4965000000000003E-002   1.0406663224727938E-008
   3.5964000000000003E-002   1.5622491583650610E-008
   3.6963000000000003E-002   2.2921314034420132E-008
   3.7962000000000003E-002   3.2928539930633443E-008
   3.8961000000000003E-002   4.6393882655925116E-008
   3.9960000000000002E-002   6.4201360401178563E-008
   4.0959000000000002E-002   8.7377617098184344E-008
   4.1958000000000002E-002   1.1709827963144586E-007
   4.2957000000000002E-002   1.5469213739002705E-007
   4.3956000000000002E-002   2.0164300393426147E-007
   4.4955000000000002E-002   2.5958919403888739E-007
   4.5954000000000002E-002   3.3032061929649735E-007
   4.6953000000000002E-002   4.1577356922726249E-007
   4.7952000000000009E-002   5.1802330059739697E-007
   4.8951000000000008E-002   6.3927460425785849E-007
   4.9950000000000008E-002   7.8185055575640114E-007
   5.0949000000000008E-002   9.4817968324988560E-007
   5.1948000000000008E-002   1.1407818042602530E-006
   5.2947000000000008E-002   1.3622527922921060E-006
   5.3946000000000008E-002   1.6152485361843678E-006
   5.4945000000000008E-002   1.9024683503469559E-006
   5.5944000000000008E-002   2.2266380838299536E-006
   5.6943000000000007E-002   2.5904931615773615E-006
   5.7942000000000007E-002   2.9967617732697198E-006
   5.8941000000000007E-002   3.4481484048234277E-006
   5.9940000000000007E-002   3.9473178857532358E-006
   6.0939000000000007E-002   4.4968801029738525E-006
   6.1938000000000007E-002   5.0993755088612330E-006
   6.2937000000000007E-002   5.7572615290450084E-006
   6.3936000000000007E-002   6.4728999538894376E-006
   6.4935000000000007E-002   7.2485453772699239E-006
   6.5934000000000006E-002   8.0863347273096738E-006
   6.6933000000000006E-002   8.9882779163709529E-006
   6.7932000000000006E-002   9.9562496218986342E-006
   6.8931000000000006E-002   1.0991982195733901E-005
   6.9930000000000006E-002   1.2097059687252407E-005
   7.0929000000000006E-002   1.3272912955094860E-005
   7.1928000000000006E-002   1.4520815833284421E-005
   7.2927000000000006E-002   1.5841882310073997E-005
   7.3926000000000006E-002   1.7237064671839266E-005
   7.4925000000000005E-002   1.8707152559612305E-005
   7.5924000000000005E-002   2.0252772882324287E-005
   7.6923000000000005E-002   2.1874390528367898E-005
   7.7922000000000005E-002   2.3572309815590572E-005
   7.8921000000000005E-002   2.5346676619165181E-005
   7.9920000000000005E-002   2.7197481116849855E-005
   8.0919000000000005E-002   2.9124561091842114E-005
   8.1918000000000005E-002   3.1127605734649046E-005
   8.2917000000000005E-002   3.3206159887056347E-005
   8.3916000000000004E-002   3.5359628673295115E-005
   8.4915000000000004E-002   3.7587282465806141E-005
   8.5914000000000004E-002   3.9888262135522342E-005
   8.6913000000000004E-002   4.2261584539269914E-005
   8.7912000000000004E-002   4.4706148199676884E-005
   8.8911000000000004E-002   4.7220739135831179E-005
   8.9910000000000004E-002   4.9804036805807743E-005
   9.0909000000000004E-002   5.2454620125055164E-005
   9.1908000000000004E-002   5.5170973527462490E-005
   9.2907000000000003E-002   5.7951493038710947E-005
   9.3906000000000003E-002   6.0794492334200190E-005
   9.4905000000000003E-002   6.3698208756457039E-005
   9.5904000000000017E-002   6.6660809269423286E-005
   9.6903000000000017E-002   6.9680396329411357E-005
   9.7902000000000017E-002   7.2755013654781113E-005
   9.8901000000000017E-002   7.5882651878531504E-005
   9.9900000000000017E-002   7.9061254070018449E-005
  0.10089900000000002        8.2288721113894680E-005
  0.10189800000000002        8.5562916936135925E-005
  0.10289700000000002        8.8881673568645797E-005
  0.10389600000000002        9.2242796045454085E-005
  0.10489500000000002        9.5644067124920403E-005
  0.10589400000000002        9.9083251833634458E-005
  0.10689300000000002        1.0255810182888159E-004
  0.10789200000000002        1.0606635957760956E-004
  0.10889100000000002        1.0960576235080521E-004
  0.10989000000000002        1.1317404603306115E-004
  0.11088900000000002        1.1676894874790518E-004
  0.11188800000000002        1.2038821430016504E-004
  0.11288700000000002        1.2402959543726316E-004
  0.11388600000000001        1.2769085693190255E-004
  0.11488500000000001        1.3136977848906821E-004
  0.11588400000000001        1.3506415748071280E-004
  0.11688300000000001        1.3877181151183914E-004
  0.11788200000000001        1.4249058082201917E-004
  0.11888100000000001        1.4621833052663245E-004
  0.11988000000000001        1.4995295270234016E-004
  0.12087900000000001        1.5369236832146795E-004
  0.12187800000000001        1.5743452904012196E-004
  0.12287700000000001        1.6117741884495452E-004
  0.12387600000000001        1.6491905556356923E-004
  0.12487500000000001        1.6865749224360613E-004
  0.12587400000000001        1.7239081840555241E-004
  0.12687300000000001        1.7611716117433871E-004
  0.12787200000000001        1.7983468629474006E-004
  0.12887100000000001        1.8354159903556343E-004
  0.12987000000000001        1.8723614498756584E-004
  0.13086900000000001        1.9091661075994228E-004
  0.13186800000000001        1.9458132458017284E-004
  0.13286700000000001        1.9822865680191025E-004
  0.13386600000000001        2.0185702032548712E-004
  0.13486500000000001        2.0546487093552737E-004
  0.13586400000000001        2.0905070756001303E-004
  0.13686300000000001        2.1261307245505506E-004
  0.13786200000000001        2.1615055131949279E-004
  0.13886100000000001        2.1966177334330225E-004
  0.13986000000000001        2.2314541119369393E-004
  0.14085900000000001        2.2660018094262740E-004
  0.14185800000000001        2.3002484193935597E-004
  0.14285700000000001        2.3341819663147227E-004
  0.14385600000000001        2.3677909033781124E-004
  0.14485500000000001        2.4010641097641384E-004
  0.14585400000000001        2.4339908875065718E-004
  0.14685300000000001        2.4665609579651291E-004
  0.14785200000000001        2.4987644579376443E-004
  0.14885100000000001        2.5305919354391573E-004
  0.14985000000000001        2.5620343451738506E-004
  0.15084900000000001        2.5930830437246558E-004
  0.15184800000000001        2.6237297844842832E-004
  0.15284700000000001        2.6539667123501933E-004
  0.15384600000000001        2.6837863582050562E-004
  0.15484500000000001        2.7131816332031652E-004
  0.15584400000000001        2.7421458228822393E-004
  0.15684300000000001        2.7706725811189962E-004
  0.15784200000000001        2.7987559239461802E-004
  0.15884100000000001        2.8263902232474243E-004
  0.15984000000000001        2.8535702003458041E-004
  0.16083900000000001        2.8802909195008196E-004
  0.16183800000000001        2.9065477813279192E-004
  0.16283700000000001        2.9323365161537109E-004
  0.16383600000000001        2.9576531773193600E-004
  0.16483500000000001        2.9824941344438842E-004
  0.16583400000000001        3.0068560666585066E-004
  0.16683300000000001        3.0307359558221408E-004
  0.16783200000000001        3.0541310797280998E-004
  0.16883100000000001        3.0770390053108182E-004
  0.16983000000000001        3.0994575818612153E-004
  0.17082900000000001        3.1213849342587736E-004
  0.17182800000000001        3.1428194562274690E-004
  0.17282700000000001        3.1637598036227533E-004
  0.17382600000000001        3.1842048877557799E-004
  0.17482500000000001        3.2041538687609372E-004
  0.17582400000000001        3.2236061490121680E-004
  0.17682300000000001        3.2425613665931541E-004
  0.17782200000000001        3.2610193888260645E-004
  0.17882100000000001        3.2789803058632001E-004
  0.17982000000000001        3.2964444243453468E-004
  0.18081900000000001        3.3134122611306639E-004
  0.18181800000000001        3.3298845370972804E-004
  0.18281700000000001        3.3458621710223858E-004
  0.18381600000000001        3.3613462735409291E-004
  0.18481500000000001        3.3763381411859383E-004
  0.18581400000000001        3.3908392505127278E-004
  0.18681300000000001        3.4048512523091160E-004
  0.18781200000000001        3.4183759658929571E-004
  0.18881100000000001        3.4314153734987487E-004
  0.18981000000000001        3.4439716147544356E-004
  0.19080900000000001        3.4560469812495054E-004
  0.19180800000000003        3.4676439111952148E-004
  0.19280700000000003        3.4787649841777380E-004
  0.19380600000000003        3.4894129160047463E-004
  0.19480500000000003        3.4995905536457436E-004
  0.19580400000000003        3.5093008702666181E-004
  0.19680300000000003        3.5185469603582703E-004
  0.19780200000000003        3.5273320349596627E-004
  0.19880100000000003        3.5356594169748135E-004
  0.19980000000000003        3.5435325365838278E-004
  0.20079900000000003        3.5509549267475379E-004
  0.20179800000000003        3.5579302188052997E-004
  0.20279700000000003        3.5644621381655854E-004
  0.20379600000000003        3.5705545000886638E-004
  0.20479500000000003        3.5762112055609128E-004
  0.20579400000000003        3.5814362372598525E-004
  0.20679300000000003        3.5862336556093203E-004
  0.20779200000000003        3.5906075949238643E-004
  0.20879100000000003        3.5945622596414591E-004
  0.20979000000000003        3.5981019206437960E-004
  0.21078900000000003        3.6012309116628682E-004
  0.21178800000000003        3.6039536257732754E-004
  0.21278700000000003        3.6062745119688159E-004
  0.21378600000000003        3.6081980718224977E-004
  0.21478500000000003        3.6097288562288838E-004
  0.21578400000000003        3.6108714622276399E-004
  0.21678300000000003        3.6116305299069865E-004
  0.21778200000000003        3.6120107393861983E-004
  0.21878100000000003        3.6120168078756739E-004
  0.21978000000000003        3.6116534868136052E-004
  0.22077900000000003        3.6109255590778875E-004
  0.22177800000000003        3.6098378362722186E-004
  0.22277700000000003        3.6083951560850528E-004
  0.22377600000000003        3.6066023797201563E-004
  0.22477500000000003        3.6044643893977808E-004
  0.22577400000000003        3.6019860859248955E-004
  0.22677300000000003        3.5991723863334747E-004
  0.22777200000000003        3.5960282215856409E-004
  0.22877100000000003        3.5925585343441781E-004
  0.22977000000000003        3.5887682768076306E-004
  0.23076900000000003        3.5846624086082618E-004
  0.23176800000000003        3.5802458947721728E-004
  0.23276700000000003        3.5755237037399739E-004
  0.23376600000000003        3.5705008054471069E-004
  0.23476500000000003        3.5651821694624092E-004
  0.23576400000000003        3.5595727631840127E-004
  0.23676300000000003        3.5536775500910899E-004
  0.23776200000000003        3.5475014880506335E-004
  0.23876100000000003        3.5410495276778719E-004
  0.23976000000000003        3.5343266107493317E-004
  0.24075900000000003        3.5273376686674284E-004
  0.24175800000000003        3.5200876209753878E-004
  0.24275700000000003        3.5125813739215887E-004
  0.24375600000000003        3.5048238190720280E-004
  0.24475500000000003        3.4968198319700983E-004
  0.24575400000000003        3.4885742708424216E-004
  0.24675300000000003        3.4800919753498661E-004
  0.24775200000000003        3.4713777653825624E-004
  0.24875100000000003        3.4624364398982255E-004
  0.24975000000000003        3.4532727758023878E-004
  0.25074900000000000        3.4438915268699170E-004
  0.25174800000000003        3.4342974227066948E-004
  0.25274700000000000        3.4244951677506083E-004
  0.25374600000000003        3.4144894403108795E-004
  0.25474500000000000        3.4042848916447535E-004
  0.25574400000000003        3.3938861450708859E-004
  0.25674300000000005        3.3832977951182998E-004
  0.25774200000000003        3.3725244067102410E-004
  0.25874100000000005        3.3615705143819356E-004
  0.25974000000000003        3.3504406215315843E-004
  0.26073900000000005        3.3391391997036061E-004
  0.26173800000000003        3.3276706879034905E-004
  0.26273700000000005        3.3160394919433731E-004
  0.26373600000000003        3.3042499838176502E-004
  0.26473500000000005        3.2923065011076965E-004
  0.26573400000000003        3.2802133464153173E-004
  0.26673300000000005        3.2679747868236776E-004
  0.26773200000000003        3.2555950533855920E-004
  0.26873100000000005        3.2430783406379641E-004
  0.26973000000000003        3.2304288061420070E-004
  0.27072900000000005        3.2176505700484925E-004
  0.27172800000000003        3.2047477146873645E-004
  0.27272700000000005        3.1917242841810091E-004
  0.27372600000000002        3.1785842840807444E-004
  0.27472500000000005        3.1653316810257074E-004
  0.27572400000000002        3.1519704024236502E-004
  0.27672300000000005        3.1385043361530432E-004
  0.27772200000000002        3.1249373302859041E-004
  0.27872100000000005        3.1112731928307612E-004
  0.27972000000000002        3.0975156914952795E-004
  0.28071900000000005        3.0836685534678854E-004
  0.28171800000000002        3.0697354652179927E-004
  0.28271700000000005        3.0557200723142259E-004
  0.28371600000000002        3.0416259792601964E-004
  0.28471500000000005        3.0274567493472377E-004
  0.28571400000000002        3.0132159045238166E-004
  0.28671300000000005        2.9989069252809003E-004
  0.28771200000000002        2.9845332505529931E-004
  0.28871100000000005        2.9700982776343629E-004
  0.28971000000000002        2.9556053621099634E-004
  0.29070900000000005        2.9410578178006561E-004
  0.29170800000000002        2.9264589167223400E-004
  0.29270700000000005        2.9118118890584990E-004
  0.29370600000000002        2.8971199231459020E-004
  0.29470500000000005        2.8823861654728926E-004
  0.29570400000000002        2.8676137206900485E-004
  0.29670300000000005        2.8528056516326916E-004
  0.29770200000000002        2.8379649793550268E-004
  0.29870100000000005        2.8230946831754578E-004
  0.29970000000000002        2.8081977007327226E-004
  0.30069900000000005        2.7932769280526108E-004
  0.30169800000000002        2.7783352196248220E-004
  0.30269700000000005        2.7633753884896808E-004
  0.30369600000000002        2.7484002063344850E-004
  0.30469500000000005        2.7334124035989466E-004
  0.30569400000000002        2.7184146695897056E-004
  0.30669300000000005        2.7034096526034392E-004
  0.30769200000000002        2.6883999600583075E-004
  0.30869100000000005        2.6733881586335235E-004
  0.30969000000000002        2.6583767744167285E-004
  0.31068900000000005        2.6433682930588866E-004
  0.31168800000000002        2.6283651599364881E-004
  0.31268700000000005        2.6133697803207718E-004
  0.31368600000000002        2.5983845195537501E-004
  0.31468500000000005        2.5834117032307762E-004
  0.31568400000000002        2.5684536173894068E-004
  0.31668300000000005        2.5535125087043734E-004
  0.31768200000000002        2.5385905846884164E-004
  0.31868100000000005        2.5236900138987303E-004
  0.31968000000000002        2.5088129261488848E-004
  0.32067900000000005        2.4939614127259359E-004
  0.32167800000000002        2.4791375266126014E-004
  0.32267700000000005        2.4643432827142265E-004
  0.32367600000000002        2.4495806580904222E-004
  0.32467500000000005        2.4348515921911133E-004
  0.32567400000000002        2.4201579870969058E-004
  0.32667300000000005        2.4055017077635152E-004
  0.32767200000000002        2.3908845822701388E-004
  0.32867100000000005        2.3763084020715389E-004
  0.32967000000000002        2.3617749222537836E-004
  0.33066900000000005        2.3472858617933399E-004
  0.33166800000000002        2.3328429038195145E-004
  0.33266700000000005        2.3184476958799656E-004
  0.33366600000000002        2.3041018502092031E-004
  0.33466500000000005        2.2898069439999404E-004
  0.33566400000000002        2.2755645196771322E-004
  0.33666300000000005        2.2613760851745323E-004
  0.33766200000000002        2.2472431142137297E-004
  0.33866100000000005        2.2331670465854529E-004
  0.33966000000000002        2.2191492884330108E-004
  0.34065900000000005        2.2051912125378617E-004
  0.34165800000000002        2.1912941586070127E-004
  0.34265700000000004        2.1774594335622941E-004
  0.34365600000000002        2.1636883118313207E-004
  0.34465500000000004        2.1499820356400096E-004
  0.34565400000000002        2.1363418153066228E-004
  0.34665300000000004        2.1227688295371314E-004
  0.34765200000000002        2.1092642257219225E-004
  0.34865100000000004        2.0958291202336057E-004
  0.34965000000000002        2.0824645987259539E-004
  0.35064900000000004        2.0691717164338178E-004
  0.35164800000000002        2.0559514984739018E-004
  0.35264700000000004        2.0428049401464036E-004
  0.35364600000000002        2.0297330072373097E-004
  0.35464500000000004        2.0167366363213620E-004
  0.35564400000000002        2.0038167350655979E-004
  0.35664300000000004        1.9909741825332948E-004
  0.35764200000000002        1.9782098294883889E-004
  0.35864100000000004        1.9655244987001682E-004
  0.35964000000000002        1.9529189852482244E-004
  0.36063900000000004        1.9403940568275829E-004
  0.36163800000000001        1.9279504540539537E-004
  0.36263700000000004        1.9155888907689762E-004
  0.36363600000000001        1.9033100543455294E-004
  0.36463500000000004        1.8911146059928408E-004
  0.36563400000000001        1.8790031810615336E-004
  0.36663300000000004        1.8669763893484150E-004
  0.36763200000000001        1.8550348154010337E-004
  0.36863100000000004        1.8431790188218556E-004
  0.36963000000000001        1.8314095345721215E-004
  0.37062900000000004        1.8197268732752272E-004
  0.37162800000000001        1.8081315215196214E-004
  0.37262700000000004        1.7966239421611865E-004
  0.37362600000000001        1.7852045746250160E-004
  0.37462500000000004        1.7738738352065424E-004
  0.37562400000000001        1.7626321173720333E-004
  0.37662300000000004        1.7514797920583009E-004
  0.37762200000000001        1.7404172079716772E-004
  0.37862100000000004        1.7294446918861625E-004
  0.37962000000000001        1.7185625489407247E-004
  0.38061900000000004        1.7077710629357054E-004
  0.38161800000000001        1.6970704966282746E-004
  0.38261700000000004        1.6864610920269411E-004
  0.38361600000000007        1.6759430706850227E-004
  0.38461500000000004        1.6655166339930982E-004
  0.38561400000000007        1.6551819634703696E-004
  0.38661300000000004        1.6449392210549047E-004
  0.38761200000000007        1.6347885493927315E-004
  0.38861100000000004        1.6247300721257765E-004
  0.38961000000000007        1.6147638941785801E-004
  0.39060900000000004        1.6048901020437558E-004
  0.39160800000000007        1.5951087640662205E-004
  0.39260700000000004        1.5854199307261028E-004
  0.39360600000000007        1.5758236349203256E-004
  0.39460500000000004        1.5663198922428545E-004
  0.39560400000000007        1.5569087012635719E-004
  0.39660300000000004        1.5475900438057373E-004
  0.39760200000000007        1.5383638852220288E-004
  0.39860100000000004        1.5292301746691543E-004
  0.39960000000000007        1.5201888453809665E-004
  0.40059900000000004        1.5112398149401003E-004
  0.40159800000000007        1.5023829855481154E-004
  0.40259700000000004        1.4936182442940640E-004
  0.40359600000000007        1.4849454634215383E-004
  0.40459500000000004        1.4763645005941498E-004
  0.40559400000000007        1.4678751991593859E-004
  0.40659300000000004        1.4594773884108914E-004
  0.40759200000000007        1.4511708838491088E-004
  0.40859100000000004        1.4429554874402750E-004
  0.40959000000000007        1.4348309878737630E-004
  0.41058900000000004        1.4267971608177520E-004
  0.41158800000000006        1.4188537691732050E-004
  0.41258700000000004        1.4110005633261301E-004
  0.41358600000000006        1.4032372813981505E-004
  0.41458500000000004        1.3955636494953272E-004
  0.41558400000000006        1.3879793819552121E-004
  0.41658300000000004        1.3804841815922140E-004
  0.41758200000000006        1.3730777399411094E-004
  0.41858100000000004        1.3657597374988338E-004
  0.41958000000000006        1.3585298439644454E-004
  0.42057900000000004        1.3513877184773149E-004
  0.42157800000000006        1.3443330098534712E-004
  0.42257700000000004        1.3373653568201510E-004
  0.42357600000000006        1.3304843882484859E-004
  0.42457500000000004        1.3236897233843804E-004
  0.42557400000000006        1.3169809720775085E-004
  0.42657300000000004        1.3103577350084681E-004
  0.42757200000000006        1.3038196039140583E-004
  0.42857100000000004        1.2973661618106936E-004
  0.42957000000000006        1.2909969832159145E-004
  0.43056900000000004        1.2847116343680376E-004
  0.43156800000000006        1.2785096734438677E-004
  0.43256700000000003        1.2723906507745557E-004
  0.43356600000000006        1.2663541090595037E-004
  0.43456500000000003        1.2603995835783882E-004
  0.43556400000000006        1.2545266024012393E-004
  0.43656300000000003        1.2487346865966089E-004
  0.43756200000000006        1.2430233504378050E-004
  0.43856100000000003        1.2373921016071879E-004
  0.43956000000000006        1.2318404413985305E-004
  0.44055900000000003        1.2263678649174442E-004
  0.44155800000000006        1.2209738612798334E-004
  0.44255700000000003        1.2156579138084320E-004
  0.44355600000000006        1.2104195002273646E-004
  0.44455500000000003        1.2052580928547564E-004
  0.44555400000000006        1.2001731587933911E-004
  0.44655300000000003        1.1951641601193955E-004
  0.44755200000000006        1.1902305540689824E-004
  0.44855100000000003        1.1853717932232020E-004
  0.44955000000000006        1.1805873256907426E-004
  0.45054900000000003        1.1758765952887575E-004
  0.45154800000000006        1.1712390417217341E-004
  0.45254700000000003        1.1666741007583745E-004
  0.45354600000000006        1.1621812044065124E-004
  0.45454500000000003        1.1577597810860673E-004
  0.45554400000000006        1.1534092558000088E-004
  0.45654300000000003        1.1491290503033729E-004
  0.45754200000000006        1.1449185832702827E-004
  0.45854100000000003        1.1407772704590024E-004
  0.45954000000000006        1.1367045248750469E-004
  0.46053900000000003        1.1326997569322656E-004
  0.46153800000000006        1.1287623746120201E-004
  0.46253700000000003        1.1248917836203501E-004
  0.46353600000000006        1.1210873875431875E-004
  0.46453500000000003        1.1173485879995995E-004
  0.46553400000000006        1.1136747847930778E-004
  0.46653300000000003        1.1100653760608559E-004
  0.46753200000000006        1.1065197584212685E-004
  0.46853100000000003        1.1030373271191563E-004
  0.46953000000000006        1.0996174761693150E-004
  0.47052900000000003        1.0962595984979827E-004
  0.47152800000000006        1.0929630860824007E-004
  0.47252700000000003        1.0897273300883938E-004
  0.47352600000000006        1.0865517210060328E-004
  0.47452500000000003        1.0834356487833554E-004
  0.47552400000000006        1.0803785029581326E-004
  0.47652300000000003        1.0773796727877162E-004
  0.47752200000000006        1.0744385473769556E-004
  0.47852100000000003        1.0715545158041877E-004
  0.47952000000000006        1.0687269672452999E-004
  0.48051900000000003        1.0659552910958878E-004
  0.48151800000000006        1.0632388770914928E-004
  0.48251700000000003        1.0605771154259262E-004
  0.48351600000000006        1.0579693968677138E-004
  0.48451500000000003        1.0554151128746095E-004
  0.48551400000000006        1.0529136557062436E-004
  0.48651300000000003        1.0504644185348785E-004
  0.48751200000000006        1.0480667955542667E-004
  0.48851100000000003        1.0457201820866578E-004
  0.48951000000000006        1.0434239746879082E-004
  0.49050900000000003        1.0411775712507552E-004
  0.49150800000000006        1.0389803711062103E-004
  0.49250700000000003        1.0368317751231145E-004
  0.49350600000000006        1.0347311858058348E-004
  0.49450500000000003        1.0326780073901433E-004
  0.49550400000000006        1.0306716459372417E-004
  0.49650300000000003        1.0287115094259805E-004
  0.49750200000000006        1.0267970078432419E-004
  0.49850100000000003        1.0249275532725332E-004
  0.49950000000000006        1.0231025599807529E-004
  0.50049900000000003        1.0213214445031901E-004
  0.50149800000000000        1.0195836257267084E-004
  0.50249700000000008        1.0178885249711691E-004
  0.50349600000000005        1.0162355660690748E-004
  0.50449500000000003        1.0146241754434511E-004
  0.50549400000000000        1.0130537821839721E-004
  0.50649300000000008        1.0115238181213461E-004
  0.50749200000000005        1.0100337178999443E-004
  0.50849100000000003        1.0085829190487312E-004
  0.50949000000000000        1.0071708620504396E-004
  0.51048900000000008        1.0057969904090716E-004
  0.51148800000000005        1.0044607507156583E-004
  0.51248700000000003        1.0031615927123621E-004
  0.51348600000000011        1.0018989693548727E-004
  0.51448500000000008        1.0006723368731477E-004
  0.51548400000000005        9.9948115483047264E-005
  0.51648300000000003        9.9832488618087494E-005
  0.51748200000000011        9.9720299732490347E-005
  0.51848100000000008        9.9611495816376988E-005
  0.51948000000000005        9.9506024215184876E-005
  0.52047900000000002        9.9403832634760412E-005
  0.52147800000000011        9.9304869146288045E-005
  0.52247700000000008        9.9209082191061850E-005
  0.52347600000000005        9.9116420585099643E-005
  0.52447500000000002        9.9026833523599409E-005
  0.52547400000000011        9.8940270585239393E-005
  0.52647300000000008        9.8856681736327428E-005
  0.52747200000000005        9.8776017334790359E-005
  0.52847100000000002        9.8698228134018725E-005
  0.52947000000000011        9.8623265286554179E-005
  0.53046900000000008        9.8551080347631284E-005
  0.53146800000000005        9.8481625278568459E-005
  0.53246700000000002        9.8414852450013366E-005
  0.53346600000000011        9.8350714645039481E-005
  0.53446500000000008        9.8289165062101472E-005
  0.53546400000000005        9.8230157317843675E-005
  0.53646300000000002        9.8173645449768052E-005
  0.53746200000000011        9.8119583918761651E-005
  0.53846100000000008        9.8067927611481749E-005
  0.53946000000000005        9.8018631842606118E-005
  0.54045900000000002        9.7971652356943558E-005
  0.54145800000000011        9.7926945331410330E-005
  0.54245700000000008        9.7884467376870821E-005
  0.54345600000000005        9.7844175539847015E-005
  0.54445500000000002        9.7806027304095161E-005
  0.54545400000000011        9.7769980592052035E-005
  0.54645300000000008        9.7735993766154001E-005
  0.54745200000000005        9.7704025630027206E-005
  0.54845100000000002        9.7674035429551979E-005
  0.54945000000000010        9.7645982853803719E-005
  0.55044900000000008        9.7619828035870070E-005
  0.55144800000000005        9.7595531553546178E-005
  0.55244700000000002        9.7573054429911163E-005
  0.55344600000000010        9.7552358133784500E-005
  0.55444500000000008        9.7533404580065823E-005
  0.55544400000000005        9.7516156129960312E-005
  0.55644300000000002        9.7500575591087093E-005
  0.55744200000000010        9.7486626217478786E-005
  0.55844100000000008        9.7474271709467041E-005
  0.55944000000000005        9.7463476213460469E-005
  0.56043900000000002        9.7454204321612397E-005
  0.56143800000000010        9.7446421071385253E-005
  0.56243700000000008        9.7440091945008602E-005
  0.56343600000000005        9.7435182868832413E-005
  0.56443500000000002        9.7431660212581636E-005
  0.56543400000000010        9.7429490788509149E-005
  0.56643300000000008        9.7428641850449705E-005
  0.56743200000000005        9.7429081092778765E-005
  0.56843100000000002        9.7430776649274061E-005
  0.56943000000000010        9.7433697091885247E-005
  0.57042900000000007        9.7437811429410963E-005
  0.57142800000000005        9.7443089106084892E-005
  0.57242700000000002        9.7449500000074650E-005
  0.57342600000000010        9.7457014421891821E-005
  0.57442500000000007        9.7465603112717621E-005
  0.57542400000000005        9.7475237242644893E-005
  0.57642300000000002        9.7485888408837821E-005
  0.57742200000000010        9.7497528633610998E-005
  0.57842100000000007        9.7510130362429124E-005
  0.57942000000000005        9.7523666461830908E-005
  0.58041900000000002        9.7538110217278013E-005
  0.58141800000000010        9.7553435330926600E-005
  0.58241700000000007        9.7569615919331962E-005
  0.58341600000000005        9.7586626511078284E-005
  0.58441500000000002        9.7604442044342803E-005
  0.58541400000000010        9.7623037864390819E-005
  0.58641300000000007        9.7642389721007145E-005
  0.58741200000000005        9.7662473765861693E-005
  0.58841100000000002        9.7683266549815470E-005
  0.58941000000000010        9.7704745020164510E-005
  0.59040900000000007        9.7726886517826385E-005
  0.59140800000000004        9.7749668774468288E-005
  0.59240700000000002        9.7773069909582017E-005
  0.59340600000000010        9.7797068427502541E-005
  0.59440500000000007        9.7821643214378228E-005
  0.59540400000000004        9.7846773535086921E-005
  0.59640300000000002        9.7872439030107110E-005
  0.59740200000000010        9.7898619712338917E-005
  0.59840100000000007        9.7925295963882872E-005
  0.59940000000000004        9.7952448532772596E-005
  0.60039900000000002        9.7980058529667882E-005
  0.60139800000000010        9.8008107424503877E-005
  0.60239700000000007        9.8036577043107709E-005
  0.60339600000000004        9.8065449563770695E-005
  0.60439500000000002        9.8094707513791667E-005
  0.60539400000000010        9.8124333765982108E-005
  0.60639300000000007        9.8154311535141890E-005
  0.60739200000000004        9.8184624374503401E-005
  0.60839100000000002        9.8215256172145502E-005
  0.60939000000000010        9.8246191147384197E-005
  0.61038900000000007        9.8277413847132258E-005
  0.61138800000000004        9.8308909142238185E-005
  0.61238700000000001        9.8340662223802376E-005
  0.61338600000000010        9.8372658599470451E-005
  0.61438500000000007        9.8404884089708575E-005
  0.61538400000000004        9.8437324824060830E-005
  0.61638300000000001        9.8469967237388675E-005
  0.61738200000000010        9.8502798066097297E-005
  0.61838100000000007        9.8535804344347222E-005
  0.61938000000000004        9.8568973400254032E-005
  0.62037900000000001        9.8602292852078066E-005
  0.62137800000000010        9.8635750604405718E-005
  0.62237700000000007        9.8669334844320904E-005
  0.62337600000000004        9.8703034037572043E-005
  0.62437500000000001        9.8736836924734618E-005
  0.62537400000000010        9.8770732517368585E-005
  0.62637300000000007        9.8804710094175434E-005
  0.62737200000000004        9.8838759197153242E-005
  0.62837100000000001        9.8872869627753825E-005
  0.62937000000000010        9.8907031443040520E-005
  0.63036900000000007        9.8941234951850334E-005
  0.63136800000000004        9.8975470710960112E-005
  0.63236700000000001        9.9009729521258710E-005
  0.63336600000000010        9.9044002423926696E-005
  0.63436500000000007        9.9078280696623553E-005
  0.63536400000000004        9.9112555849685381E-005
  0.63636300000000001        9.9146819622333222E-005
  0.63736200000000010        9.9181063978892467E-005
  0.63836100000000007        9.9215281105027295E-005
  0.63936000000000004        9.9249463403986934E-005
  0.64035900000000012        9.9283603492869357E-005
  0.64135800000000009        9.9317694198900578E-005
  0.64235700000000007        9.9351728555730872E-005
  0.64335600000000004        9.9385699799751484E-005
  0.64435500000000012        9.9419601366428745E-005
  0.64535400000000009        9.9453426886660770E-005
  0.64635300000000007        9.9487170183153734E-005
  0.64735200000000004        9.9520825266823489E-005
  0.64835100000000012        9.9554386333217034E-005
  0.64935000000000009        9.9587847758962267E-005
  0.65034900000000007        9.9621204098240438E-005
  0.65134800000000004        9.9654450079286074E-005
  0.65234700000000012        9.9687580600912897E-005
  0.65334600000000009        9.9720590729068500E-005
  0.65434500000000007        9.9753475693417415E-005
  0.65534400000000004        9.9786230883953432E-005
  0.65634300000000012        9.9818851847642486E-005
  0.65734200000000009        9.9851334285096027E-005
  0.65834100000000007        9.9883674047275724E-005
  0.65934000000000004        9.9915867132231262E-005
  0.66033900000000012        9.9947909681870247E-005
  0.66133800000000009        9.9979797978762237E-005
  0.66233700000000006        1.0001152844297684E-004
  0.66333600000000004        1.0004309762895541E-004
  0.66433500000000012        1.0007450222241950E-004
  0.66533400000000009        1.0010573903731426E-004
  0.66633300000000006        1.0013680501278826E-004
  0.66733200000000004        1.0016769721020976E-004
  0.66833100000000012        1.0019841281022089E-004
  0.66933000000000009        1.0022894910982794E-004
  0.67032900000000006        1.0025930351953122E-004
  0.67132800000000004        1.0028947356049301E-004
  0.67232700000000012        1.0031945686174247E-004
  0.67332600000000009        1.0034925115742199E-004
  0.67432500000000006        1.0037885428407110E-004
  0.67532400000000004        1.0040826417795098E-004
  0.67632300000000012        1.0043747887240720E-004
  0.67732200000000009        1.0046649649527516E-004
  0.67832100000000006        1.0049531526632317E-004
  0.67932000000000003        1.0052393349473664E-004
  0.68031900000000012        1.0055234957664413E-004
  0.68131800000000009        1.0058056199268145E-004
  0.68231700000000006        1.0060856930559962E-004
  0.68331600000000003        1.0063637015791116E-004
  0.68431500000000012        1.0066396326957838E-004
  0.68531400000000009        1.0069134743574188E-004
  0.68631300000000006        1.0071852152449143E-004
  0.68731200000000003        1.0074548447467595E-004
  0.68831100000000012        1.0077223529375562E-004
  0.68931000000000009        1.0079877305569372E-004
  0.69030900000000006        1.0082509689889085E-004
  0.69130800000000003        1.0085120602415759E-004
  0.69230700000000012        1.0087709969272950E-004
  0.69330600000000009        1.0090277722432185E-004
  0.69430500000000006        1.0092823799522428E-004
  0.69530400000000003        1.0095348143643527E-004
  0.69630300000000012        1.0097850703183799E-004
  0.69730200000000009        1.0100331431641341E-004
  0.69830100000000006        1.0102790287449494E-004
  0.69930000000000003        1.0105227233806035E-004
  0.70029900000000012        1.0107642238506428E-004
  0.70129800000000009        1.0110035273780797E-004
  0.70229700000000006        1.0112406316134827E-004
  0.70329600000000003        1.0114755346194301E-004
  0.70429500000000012        1.0117082348553600E-004
  0.70529400000000009        1.0119387311627790E-004
  0.70629300000000006        1.0121670227508448E-004
  0.70729200000000003        1.0123931091823092E-004
  0.70829100000000011        1.0126169903598328E-004
  0.70929000000000009        1.0128386665126456E-004
  0.71028900000000006        1.0130581381835627E-004
  0.71128800000000003        1.0132754062163538E-004
  0.71228700000000011        1.0134904717434557E-004
  0.71328600000000009        1.0137033361740242E-004
  0.71428500000000006        1.0139140011823114E-004
  0.71528400000000003        1.0141224686963905E-004
  0.71628300000000011        1.0143287408871986E-004
  0.71728200000000009        1.0145328201578923E-004
  0.71828100000000006        1.0147347091335391E-004
  0.71928000000000003        1.0149344106510931E-004
  0.72027900000000011        1.0151319277497043E-004
  0.72127800000000009        1.0153272636613021E-004
  0.72227700000000006        1.0155204218015010E-004
  0.72327600000000003        1.0157114057607722E-004
  0.72427500000000011        1.0159002192959210E-004
  0.72527400000000009        1.0160868663218147E-004
  0.72627300000000006        1.0162713509034307E-004
  0.72727200000000003        1.0164536772481252E-004
  0.72827100000000011        1.0166338496981878E-004
  0.72927000000000008        1.0168118727236641E-004
  0.73026900000000006        1.0169877509154115E-004
  0.73126800000000003        1.0171614889784027E-004
  0.73226700000000011        1.0173330917252887E-004
  0.73326600000000008        1.0175025640701822E-004
  0.73426500000000006        1.0176699110226702E-004
  0.73526400000000003        1.0178351376820621E-004
  0.73626300000000011        1.0179982492318477E-004
  0.73726200000000008        1.0181592509343762E-004
  0.73826100000000006        1.0183181481257374E-004
  0.73926000000000003        1.0184749462108536E-004
  0.74025900000000011        1.0186296506587656E-004
  0.74125800000000008        1.0187822669980974E-004
  0.74225700000000006        1.0189328008127410E-004
  0.74325600000000003        1.0190812577376850E-004
  0.74425500000000011        1.0192276434550526E-004
  0.74525400000000008        1.0193719636902871E-004
  0.74625300000000006        1.0195142242085158E-004
  0.74725200000000003        1.0196544308110759E-004
  0.74825100000000011        1.0197925893321883E-004
  0.74925000000000008        1.0199287056357940E-004
  0.75024900000000005        1.0200627856125284E-004
  0.75124800000000003        1.0201948351768386E-004
  0.75224700000000011        1.0203248602642438E-004
  0.75324600000000008        1.0204528668287221E-004
  0.75424500000000005        1.0205788608402296E-004
  0.75524400000000003        1.0207028482823321E-004
  0.75624300000000011        1.0208248351499760E-004
  0.75724200000000008        1.0209448274473542E-004
  0.75824100000000005        1.0210628311858984E-004
  0.75924000000000003        1.0211788523823575E-004
  0.76023900000000011        1.0212928970570030E-004
  0.76123800000000008        1.0214049712319090E-004
  0.76223700000000005        1.0215150809293511E-004
  0.76323600000000003        1.0216232321702727E-004
  0.76423500000000011        1.0217294309728513E-004
  0.76523400000000008        1.0218336833511425E-004
  0.76623300000000005        1.0219359953138132E-004
  0.76723200000000014        1.0220363728629359E-004
  0.76823100000000011        1.0221348219928714E-004
  0.76923000000000008        1.0222313486892085E-004
  0.77022900000000005        1.0223259589277807E-004
  0.77122800000000014        1.0224186586737353E-004
  0.77222700000000011        1.0225094538806805E-004
  0.77322600000000008        1.0225983504898655E-004
  0.77422500000000005        1.0226853544294446E-004
  0.77522400000000014        1.0227704716137611E-004
  0.77622300000000011        1.0228537079427141E-004
  0.77722200000000008        1.0229350693011467E-004
  0.77822100000000005        1.0230145615582907E-004
  0.77922000000000013        1.0230921905672544E-004
  0.78021900000000011        1.0231679621645415E-004
  0.78121800000000008        1.0232418821696214E-004
  0.78221700000000005        1.0233139563845275E-004
  0.78321600000000013        1.0233841905934817E-004
  0.78421500000000011        1.0234525905625652E-004
  0.78521400000000008        1.0235191620394212E-004
  0.78621300000000005        1.0235839107529621E-004
  0.78721200000000013        1.0236468424131313E-004
  0.78821100000000011        1.0237079627106755E-004
  0.78921000000000008        1.0237672773169429E-004
  0.79020900000000005        1.0238247918837035E-004
  0.79120800000000013        1.0238805120429942E-004
  0.79220700000000011        1.0239344434069730E-004
  0.79320600000000008        1.0239865915678000E-004
  0.79420500000000005        1.0240369620975426E-004
  0.79520400000000013        1.0240855605480750E-004
  0.79620300000000011        1.0241323924510087E-004
  0.79720200000000008        1.0241774633176302E-004
  0.79820100000000005        1.0242207786388643E-004
  0.79920000000000013        1.0242623438852213E-004
  0.80019900000000010        1.0243021645067858E-004
  0.80119800000000008        1.0243402459331956E-004
  0.80219700000000005        1.0243765935736363E-004
  0.80319600000000013        1.0244112128168533E-004
  0.80419500000000010        1.0244441090311481E-004
  0.80519400000000008        1.0244752875644061E-004
  0.80619300000000005        1.0245047537441188E-004
  0.80719200000000013        1.0245325128774187E-004
  0.80819100000000010        1.0245585702511100E-004
  0.80919000000000008        1.0245829311317120E-004
  0.81018900000000005        1.0246056007655136E-004
  0.81118800000000013        1.0246265843786060E-004
  0.81218700000000010        1.0246458871769562E-004
  0.81318600000000008        1.0246635143464555E-004
  0.81418500000000005        1.0246794710529811E-004
  0.81518400000000013        1.0246937624424593E-004
  0.81618300000000010        1.0247063936409319E-004
  0.81718200000000007        1.0247173697546288E-004
  0.81818100000000005        1.0247266958700351E-004
  0.81918000000000013        1.0247343770539608E-004
  0.82017900000000010        1.0247404183536195E-004
  0.82117800000000007        1.0247448247967022E-004
  0.82217700000000005        1.0247476013914521E-004
  0.82317600000000013        1.0247487531267447E-004
  0.82417500000000010        1.0247482849721637E-004
  0.82517400000000007        1.0247462018780771E-004
  0.82617300000000005        1.0247425087757258E-004
  0.82717200000000013        1.0247372105772933E-004
  0.82817100000000010        1.0247303121760014E-004
  0.82917000000000007        1.0247218184461686E-004
  0.83016900000000005        1.0247117342433139E-004
  0.83116800000000013        1.0247000644042212E-004
  0.83216700000000010        1.0246868137470329E-004
  0.83316600000000007        1.0246719870713245E-004
  0.83416500000000005        1.0246555891581840E-004
  0.83516400000000013        1.0246376247703046E-004
  0.83616300000000010        1.0246180986520523E-004
  0.83716200000000007        1.0245970155295595E-004
  0.83816100000000004        1.0245743801107898E-004
  0.83916000000000013        1.0245501970856435E-004
  0.84015900000000010        1.0245244711260088E-004
  0.84115800000000007        1.0244972068858704E-004
  0.84215700000000004        1.0244684090013621E-004
  0.84315600000000013        1.0244380820908772E-004
  0.84415500000000010        1.0244062307551177E-004
  0.84515400000000007        1.0243728595771953E-004
  0.84615300000000004        1.0243379731227015E-004
  0.84715200000000013        1.0243015759397827E-004
  0.84815100000000010        1.0242636725592298E-004
  0.84915000000000007        1.0242242674945446E-004
  0.85014900000000004        1.0241833652420257E-004
  0.85114800000000013        1.0241409702808371E-004
  0.85214700000000010        1.0240970870730976E-004
  0.85314600000000007        1.0240517200639416E-004
  0.85414500000000004        1.0240048736816111E-004
  0.85514400000000013        1.0239565523375144E-004
  0.85614300000000010        1.0239067604263252E-004
  0.85714200000000007        1.0238555023260261E-004
  0.85814100000000004        1.0238027823980188E-004
  0.85914000000000013        1.0237486049871665E-004
  0.86013900000000010        1.0236929744218870E-004
  0.86113800000000007        1.0236358950142255E-004
  0.86213700000000004        1.0235773710599145E-004
  0.86313600000000013        1.0235174068384624E-004
  0.86413500000000010        1.0234560066132178E-004
  0.86513400000000007        1.0233931746314412E-004
  0.86613300000000004        1.0233289151243844E-004
  0.86713200000000012        1.0232632323073498E-004
  0.86813100000000010        1.0231961303797751E-004
  0.86913000000000007        1.0231276135252912E-004
  0.87012900000000004        1.0230576859118029E-004
  0.87112800000000012        1.0229863516915539E-004
  0.87212700000000010        1.0229136150011978E-004
  0.87312600000000007        1.0228394799618667E-004
  0.87412500000000004        1.0227639506792417E-004
  0.87512400000000012        1.0226870312436215E-004
  0.87612300000000010        1.0226087257299883E-004
  0.87712200000000007        1.0225290381980816E-004
  0.87812100000000004        1.0224479726924583E-004
  0.87912000000000012        1.0223655332425659E-004
  0.88011900000000010        1.0222817238628066E-004
  0.88111800000000007        1.0221965485526078E-004
  0.88211700000000004        1.0221100112964847E-004
  0.88311600000000012        1.0220221160641071E-004
  0.88411500000000010        1.0219328668103674E-004
  0.88511400000000007        1.0218422674754417E-004
  0.88611300000000004        1.0217503219848635E-004
  0.88711200000000012        1.0216570342495778E-004
  0.88811100000000009        1.0215624081660134E-004
  0.88911000000000007        1.0214664476161444E-004
  0.89010900000000004        1.0213691564675548E-004
  0.89110800000000012        1.0212705385735001E-004
  0.89210700000000009        1.0211705977729729E-004
  0.89310600000000007        1.0210693378907687E-004
  0.89410500000000004        1.0209667627375436E-004
  0.89510400000000012        1.0208628761098768E-004
  0.89610300000000009        1.0207576817903365E-004
  0.89710200000000007        1.0206511835475402E-004
  0.89810100000000015        1.0205433851362163E-004
  0.89910000000000012        1.0204342902972655E-004
  0.90009900000000009        1.0203239027578203E-004
  0.90109800000000007        1.0202122262313112E-004
  0.90209700000000015        1.0200992644175170E-004
  0.90309600000000012        1.0199850210026380E-004
  0.90409500000000009        1.0198694996593478E-004
  0.90509400000000007        1.0197527040468531E-004
  0.90609300000000015        1.0196346378109564E-004
  0.90709200000000012        1.0195153045841134E-004
  0.90809100000000009        1.0193947079854957E-004
  0.90909000000000006        1.0192728516210439E-004
  0.91008900000000015        1.0191497390835282E-004
  0.91108800000000012        1.0190253739526094E-004
  0.91208700000000009        1.0188997597948959E-004
  0.91308600000000006        1.0187729001640018E-004
  0.91408500000000015        1.0186447986006023E-004
  0.91508400000000012        1.0185154586324937E-004
  0.91608300000000009        1.0183848837746530E-004
  0.91708200000000006        1.0182530775292900E-004
  0.91808100000000015        1.0181200433859066E-004
  0.91908000000000012        1.0179857848213602E-004
  0.92007900000000009        1.0178503052999078E-004
  0.92107800000000006        1.0177136082732757E-004
  0.92207700000000015        1.0175756971807080E-004
  0.92307600000000012        1.0174365754490270E-004
  0.92407500000000009        1.0172962464926885E-004
  0.92507400000000006        1.0171547137138436E-004
  0.92607300000000015        1.0170119805023830E-004
  0.92707200000000012        1.0168680502360061E-004
  0.92807100000000009        1.0167229262802793E-004
  0.92907000000000006        1.0165766119886774E-004
  0.93006900000000015        1.0164291107026590E-004
  0.93106800000000012        1.0162804257517122E-004
  0.93206700000000009        1.0161305604534175E-004
  0.93306600000000006        1.0159795181135030E-004
  0.93406500000000015        1.0158273020259106E-004
  0.93506400000000012        1.0156739154728438E-004
  0.93606300000000009        1.0155193617248357E-004
  0.93706200000000006        1.0153636440408082E-004
  0.93806100000000014        1.0152067656681317E-004
  0.93906000000000012        1.0150487298426900E-004
  0.94005900000000009        1.0148895397889427E-004
  0.94105800000000006        1.0147291987199876E-004
  0.94205700000000014        1.0145677098376346E-004
  0.94305600000000012        1.0144050763324701E-004
  0.94405500000000009        1.0142413013839286E-004
  0.94505400000000006        1.0140763881603631E-004
  0.94605300000000014        1.0139103398191315E-004
  0.94705200000000012        1.0137431595066633E-004
  0.94805100000000009        1.0135748503585601E-004
  0.94905000000000006        1.0134054154996668E-004
  0.95004900000000014        1.0132348580441836E-004
  0.95104800000000012        1.0130631810957537E-004
  0.95204700000000009        1.0128903877475817E-004
  0.95304600000000006        1.0127164810825494E-004
  0.95404500000000014        1.0125414641733404E-004
  0.95504400000000012        1.0123653400825892E-004
  0.95604300000000009        1.0121881118630338E-004
  0.95704200000000006        1.0120097825576905E-004
  0.95804100000000014        1.0118303552000540E-004
  0.95904000000000011        1.0116498328143123E-004
  0.96003900000000009        1.0114682184156119E-004
  0.96103800000000006        1.0112855150103372E-004
  0.96203700000000014        1.0111017255964530E-004
  0.96303600000000011        1.0109168531638963E-004
  0.96403500000000009        1.0107309006950369E-004
  0.96503400000000006        1.0105438711652220E-004
  0.96603300000000014        1.0103557675434248E-004
  0.96703200000000011        1.0101665927930271E-004
  0.96803100000000009        1.0099763498727536E-004
  0.96903000000000006        1.0097850417378312E-004
  0.97002900000000014        1.0095926713413894E-004
  0.97102800000000011        1.0093992416362118E-004
  0.97202700000000009        1.0092047555769093E-004
  0.97302600000000006        1.0090092161226650E-004
  0.97402500000000014        1.0088126262407140E-004
  0.97502400000000011        1.0086149889108050E-004
  0.97602300000000008        1.0084163071309745E-004
  0.97702200000000006        1.0082165839251186E-004
  0.97802100000000014        1.0080158223529796E-004
  0.97902000000000011        1.0078140255235699E-004
  0.98001900000000008        1.0076111966133463E-004
  0.98101800000000006        1.0074073388912779E-004
  0.98201700000000014        1.0072024557538836E-004
  0.98301600000000011        1.0069965507751101E-004
  0.98401500000000008        1.0067896277786656E-004
  0.98501400000000006        1.0065816909452121E-004
  0.98601300000000014        1.0063727449749802E-004
  0.98701200000000011        1.0061627953412276E-004
  0.98801100000000008        1.0059518486975227E-004
  0.98901000000000006        1.0057399135556344E-004
  0.99000900000000014        1.0055270014609383E-004
  0.99100800000000011        1.0053131291310606E-004
  0.99200700000000008        1.0050983225783002E-004
  0.99300600000000006        1.0048826256359893E-004
  0.99400500000000014        1.0046661192189449E-004
  0.99500400000000011        1.0044489700825796E-004
  0.99600300000000008        1.0042315748047432E-004
  0.99700200000000005        1.0040150907506803E-004
  0.99800100000000014        1.0038042382744673E-004
  0.99900000000000011        1.0036381446703621E-004
