   9.9900000000000010E-004   25.332584020571876     
   1.9980000000000002E-003   12.654946685651199     
   2.9970000000000005E-003   8.4290234608952996     
   3.9960000000000004E-003   6.3160570313532638     
   4.9950000000000003E-003   5.0482760648759646     
   5.9940000000000011E-003   4.2030883911967143     
   6.9930000000000010E-003   3.5993827634550009     
   7.9920000000000008E-003   3.1466034743759472     
   8.9910000000000007E-003   2.7944417698313511     
   9.9900000000000006E-003   2.5127123865026189     
   1.0989000000000001E-002   2.2822065157194484     
   1.1988000000000002E-002   2.0901182827667597     
   1.2987000000000002E-002   1.9275820809061657     
   1.3986000000000002E-002   1.7882653332597815     
   1.4985000000000002E-002   1.6675241497526256     
   1.5984000000000002E-002   1.5618756126107429     
   1.6983000000000002E-002   1.4686563139898376     
   1.7982000000000001E-002   1.3857947143693690     
   1.8981000000000001E-002   1.3116553877555590     
   1.9980000000000001E-002   1.2449299933153990     
   2.0979000000000001E-002   1.1845593979674998     
   2.1978000000000001E-002   1.1296770382633534     
   2.2977000000000001E-002   1.0795670574281309     
   2.3976000000000004E-002   1.0336329081400413     
   2.4975000000000004E-002  0.99137349064185998     
   2.5974000000000004E-002  0.95236479744155333     
   2.6973000000000004E-002  0.91624563696795358     
   2.7972000000000004E-002  0.88270641644281855     
   2.8971000000000004E-002  0.85148024553780421     
   2.9970000000000004E-002  0.82233581929991773     
   3.0969000000000003E-002  0.79507167857516470     
   3.1968000000000003E-002  0.76951154660271015     
   3.2967000000000003E-002  0.74550051350094926     
   3.3966000000000003E-002  0.72290189407953109     
   3.4965000000000003E-002  0.70159462431215702     
   3.5964000000000003E-002  0.68147109173054321     
   3.6963000000000003E-002  0.66243531764639130     
   3.7962000000000003E-002  0.64440142639091413     
   3.8961000000000003E-002  0.62729235005596962     
   3.9960000000000002E-002  0.61103872752402055     
   4.0959000000000002E-002  0.59557796461565116     
   4.1958000000000002E-002  0.58085342850171484     
   4.2957000000000002E-002  0.56681375452309790     
   4.3956000000000002E-002  0.55341224753504081     
   4.4955000000000002E-002  0.54060636307223442     
   4.5954000000000002E-002  0.52835725618801155     
   4.6953000000000002E-002  0.51662938788855062     
   4.7952000000000009E-002  0.50539018076279096     
   4.8951000000000008E-002  0.49460971678012039     
   4.9950000000000008E-002  0.48426047135233130     
   5.0949000000000008E-002  0.47431707868241380     
   5.1948000000000008E-002  0.46475612418848217     
   5.2947000000000008E-002  0.45555596042687563     
   5.3946000000000008E-002  0.44669654346825860     
   5.4945000000000008E-002  0.43815928712358776     
   5.5944000000000008E-002  0.42992693278873467     
   5.6943000000000007E-002  0.42198343298966662     
   5.7942000000000007E-002  0.41431384697468615     
   5.8941000000000007E-002  0.40690424692440036     
   5.9940000000000007E-002  0.39974163354069892     
   6.0939000000000007E-002  0.39281385993845142     
   6.1938000000000007E-002  0.38610956290252912     
   6.2937000000000007E-002  0.37961810069176782     
   6.3936000000000007E-002  0.37332949667382404     
   6.4935000000000007E-002  0.36723438816295007     
   6.5934000000000006E-002  0.36132397990889581     
   6.6933000000000006E-002  0.35559000175096767     
   6.7932000000000006E-002  0.35002467000851517     
   6.8931000000000006E-002  0.34462065222874350     
   6.9930000000000006E-002  0.33937103495615611     
   7.0929000000000006E-002  0.33426929422570706     
   7.1928000000000006E-002  0.32930926851484726     
   7.2927000000000006E-002  0.32448513391869949     
   7.3926000000000006E-002  0.31979138133805146     
   7.4925000000000005E-002  0.31522279549231808     
   7.5924000000000005E-002  0.31077443558935880     
   7.6923000000000005E-002  0.30644161750156179     
   7.7922000000000005E-002  0.30221989731298199     
   7.8921000000000005E-002  0.29810505611607918     
   7.9920000000000005E-002  0.29409308594868638     
   8.0919000000000005E-002  0.29018017677269303     
   8.1918000000000005E-002  0.28636270440550560     
   8.2917000000000005E-002  0.28263721932393204     
   8.3916000000000004E-002  0.27900043626778687     
   8.4915000000000004E-002  0.27544922457736520     
   8.5914000000000004E-002  0.27198059920503898     
   8.6913000000000004E-002  0.26859171234674639     
   8.7912000000000004E-002  0.26527984564407009     
   8.8911000000000004E-002  0.26204240291199882     
   8.9910000000000004E-002  0.25887690335152269     
   9.0909000000000004E-002  0.25578097520974269     
   9.1908000000000004E-002  0.25275234985344863     
   9.2907000000000003E-002  0.24978885622505331     
   9.3906000000000003E-002  0.24688841565239766     
   9.4905000000000003E-002  0.24404903698636082     
   9.5904000000000017E-002  0.24126881204236783     
   9.6903000000000017E-002  0.23854591132386718     
   9.7902000000000017E-002  0.23587858000763590     
   9.8901000000000017E-002  0.23326513417239914     
   9.9900000000000017E-002  0.23070395725373288     
  0.10089900000000002       0.22819349670956524     
  0.10189800000000002       0.22573226088182860     
  0.10289700000000002       0.22331881604092113     
  0.10389600000000002       0.22095178360069101     
  0.10489500000000002       0.21862983749255019     
  0.10589400000000002       0.21635170168823536     
  0.10689300000000002       0.21411614786147565     
  0.10789200000000002       0.21192199317956426     
  0.10889100000000002       0.20976809821649994     
  0.10989000000000002       0.20765336497995338     
  0.11088900000000002       0.20557673504488605     
  0.11188800000000002       0.20353718778715438     
  0.11288700000000002       0.20153373871090255     
  0.11388600000000001       0.19956543786398809     
  0.11488500000000001       0.19763136833608469     
  0.11588400000000001       0.19573064483446012     
  0.11688300000000001       0.19386241233280171     
  0.11788200000000001       0.19202584478873999     
  0.11888100000000001       0.19022014392603451     
  0.11988000000000001       0.18844453807765352     
  0.12087900000000001       0.18669828108621853     
  0.12187800000000001       0.18498065125852794     
  0.12287700000000001       0.18329095037107751     
  0.12387600000000001       0.18162850272370126     
  0.12487500000000001       0.17999265423863886     
  0.12587400000000001       0.17838277160250357     
  0.12687300000000001       0.17679824144878623     
  0.12787200000000001       0.17523846957868139     
  0.12887100000000001       0.17370288021815328     
  0.12987000000000001       0.17219091530928915     
  0.13086900000000001       0.17070203383411314     
  0.13186800000000001       0.16923571116913375     
  0.13286700000000001       0.16779143846900899     
  0.13386600000000001       0.16636872207781014     
  0.13486500000000001       0.16496708296645071     
  0.13586400000000001       0.16358605619493538     
  0.13686300000000001       0.16222519039815908     
  0.13786200000000001       0.16088404729406247     
  0.13886100000000001       0.15956220121302031     
  0.13986000000000001       0.15825923864739705     
  0.14085900000000001       0.15697475782026879     
  0.14185800000000001       0.15570836827237300     
  0.14285700000000001       0.15445969046638239     
  0.14385600000000001       0.15322835540767638     
  0.14485500000000001       0.15201400428079315     
  0.14585400000000001       0.15081628810083347     
  0.14685300000000001       0.14963486737908491     
  0.14785200000000001       0.14846941180220535     
  0.14885100000000001       0.14731959992432669     
  0.14985000000000001       0.14618511887146840     
  0.15084900000000001       0.14506566405770321     
  0.15184800000000001       0.14396093891252423     
  0.15284700000000001       0.14287065461889992     
  0.15384600000000001       0.14179452986154073     
  0.15484500000000001       0.14073229058490677     
  0.15584400000000001       0.13968366976052263     
  0.15684300000000001       0.13864840716318666     
  0.15784200000000001       0.13762624915567645     
  0.15884100000000001       0.13661694848158112     
  0.15984000000000001       0.13562026406589930     
  0.16083900000000001       0.13463596082307014     
  0.16183800000000001       0.13366380947211579     
  0.16283700000000001       0.13270358635858451     
  0.16383600000000001       0.13175507328301211     
  0.16483500000000001       0.13081805733561738     
  0.16583400000000001       0.12989233073697534     
  0.16683300000000001       0.12897769068441520     
  0.16783200000000001       0.12807393920389851     
  0.16883100000000001       0.12718088300716557     
  0.16983000000000001       0.12629833335391413     
  0.17082900000000001       0.12542610591881984     
  0.17182800000000001       0.12456402066319426     
  0.17282700000000001       0.12371190171109379     
  0.17382600000000001       0.12286957722969857     
  0.17482500000000001       0.12203687931379634     
  0.17582400000000001       0.12121364387420334     
  0.17682300000000001       0.12039971052996533     
  0.17782200000000001       0.11959492250419410     
  0.17882100000000001       0.11879912652339608     
  0.17982000000000001       0.11801217272015598     
  0.18081900000000001       0.11723391453904328     
  0.18181800000000001       0.11646420864562904     
  0.18281700000000001       0.11570291483847511     
  0.18381600000000001       0.11494989596400065     
  0.18481500000000001       0.11420501783410911     
  0.18581400000000001       0.11346814914646862     
  0.18681300000000001       0.11273916140735270     
  0.18781200000000001       0.11201792885694505     
  0.18881100000000001       0.11130432839701282     
  0.18981000000000001       0.11059823952086324     
  0.19080900000000001       0.10989954424550576     
  0.19180800000000003       0.10920812704592872     
  0.19280700000000003       0.10852387479141920     
  0.19380600000000003       0.10784667668385872     
  0.19480500000000003       0.10717642419790961     
  0.19580400000000003       0.10651301102303659     
  0.19680300000000003       0.10585633300729505     
  0.19780200000000003       0.10520628810281894     
  0.19880100000000003       0.10456277631295653     
  0.19980000000000003       0.10392569964098855     
  0.20079900000000003       0.10329496204037916     
  0.20179800000000003       0.10267046936650431     
  0.20279700000000003       0.10205212932980694     
  0.20379600000000003       0.10143985145032773     
  0.20479500000000003       0.10083354701357168     
  0.20579400000000003       0.10023312902765442     
  0.20679300000000003        9.9638512181693756E-002
  0.20779200000000003        9.9049612805402587E-002
  0.20879100000000003        9.8466348829837944E-002
  0.20979000000000003        9.7888639749275336E-002
  0.21078900000000003        9.7316406584164919E-002
  0.21178800000000003        9.6749571845137688E-002
  0.21278700000000003        9.6188059498022685E-002
  0.21378600000000003        9.5631794929849884E-002
  0.21478500000000003        9.5080704915796677E-002
  0.21578400000000003        9.4534717587055783E-002
  0.21678300000000003        9.3993762399590688E-002
  0.21778200000000003        9.3457770103751073E-002
  0.21878100000000003        9.2926672714720007E-002
  0.21978000000000003        9.2400403483768406E-002
  0.22077900000000003        9.1878896870288926E-002
  0.22177800000000003        9.1362088514585868E-002
  0.22277700000000003        9.0849915211398014E-002
  0.22377600000000003        9.0342314884129013E-002
  0.22477500000000003        8.9839226559766630E-002
  0.22577400000000003        8.9340590344467230E-002
  0.22677300000000003        8.8846347399784961E-002
  0.22777200000000003        8.8356439919527352E-002
  0.22877100000000003        8.7870811107217672E-002
  0.22977000000000003        8.7389405154143091E-002
  0.23076900000000003        8.6912167217976344E-002
  0.23176800000000003        8.6439043401946733E-002
  0.23276700000000003        8.5969980734550797E-002
  0.23376600000000003        8.5504927149780030E-002
  0.23476500000000003        8.5043831467856532E-002
  0.23576400000000003        8.4586643376456189E-002
  0.23676300000000003        8.4133313412407221E-002
  0.23776200000000003        8.3683792943852878E-002
  0.23876100000000003        8.3238034152857771E-002
  0.23976000000000003        8.2795990018452600E-002
  0.24075900000000003        8.2357614300099025E-002
  0.24175800000000003        8.1922861521564846E-002
  0.24275700000000003        8.1491686955198095E-002
  0.24375600000000003        8.1064046606586837E-002
  0.24475500000000003        8.0639897199595259E-002
  0.24575400000000003        8.0219196161764719E-002
  0.24675300000000003        7.9801901610069143E-002
  0.24775200000000003        7.9387972337014515E-002
  0.24875100000000003        7.8977367797075620E-002
  0.24975000000000003        7.8570048093454581E-002
  0.25074900000000000        7.8165973965160201E-002
  0.25174800000000003        7.7765106774390275E-002
  0.25274700000000000        7.7367408494218012E-002
  0.25374600000000003        7.6972841696565694E-002
  0.25474500000000000        7.6581369540462171E-002
  0.25574400000000003        7.6192955760576997E-002
  0.25674300000000005        7.5807564656020301E-002
  0.25774200000000003        7.5425161079405056E-002
  0.25874100000000005        7.5045710426159734E-002
  0.25974000000000003        7.4669178624092225E-002
  0.26073900000000005        7.4295532123188970E-002
  0.26173800000000003        7.3924737885650418E-002
  0.26273700000000005        7.3556763376152565E-002
  0.26373600000000003        7.3191576552331813E-002
  0.26473500000000005        7.2829145855482016E-002
  0.26573400000000003        7.2469440201464855E-002
  0.26673300000000005        7.2112428971821435E-002
  0.26773200000000003        7.1758082005084545E-002
  0.26873100000000005        7.1406369588285556E-002
  0.26973000000000003        7.1057262448646824E-002
  0.27072900000000005        7.0710731745462080E-002
  0.27172800000000003        7.0366749062152720E-002
  0.27272700000000005        7.0025286398500433E-002
  0.27372600000000002        6.9686316163049183E-002
  0.27472500000000005        6.9349811165673056E-002
  0.27572400000000002        6.9015744610306046E-002
  0.27672300000000005        6.8684090087828775E-002
  0.27772200000000002        6.8354821569109492E-002
  0.27872100000000005        6.8027913398194029E-002
  0.27972000000000002        6.7703340285641400E-002
  0.28071900000000005        6.7381077302002865E-002
  0.28171800000000002        6.7061099871439073E-002
  0.28271700000000005        6.6743383765472175E-002
  0.28371600000000002        6.6427905096870341E-002
  0.28471500000000005        6.6114640313661585E-002
  0.28571400000000002        6.5803566193271615E-002
  0.28671300000000005        6.5494659836786220E-002
  0.28771200000000002        6.5187898663331245E-002
  0.28871100000000005        6.4883260404570792E-002
  0.28971000000000002        6.4580723099318324E-002
  0.29070900000000005        6.4280265088259320E-002
  0.29170800000000002        6.3981865008782293E-002
  0.29270700000000005        6.3685501789915611E-002
  0.29370600000000002        6.3391154647366707E-002
  0.29470500000000005        6.3098803078665389E-002
  0.29570400000000002        6.2808426858400490E-002
  0.29670300000000005        6.2520006033557340E-002
  0.29770200000000002        6.2233520918947766E-002
  0.29870100000000005        6.1948952092729409E-002
  0.29970000000000002        6.1666280392019081E-002
  0.30069900000000005        6.1385486908588194E-002
  0.30169800000000002        6.1106552984649808E-002
  0.30269700000000005        6.0829460208723762E-002
  0.30369600000000002        6.0554190411585877E-002
  0.30469500000000005        6.0280725662297800E-002
  0.30569400000000002        6.0009048264311818E-002
  0.30669300000000005        5.9739140751653999E-002
  0.30769200000000002        5.9470985885182043E-002
  0.30869100000000005        5.9204566648912847E-002
  0.30969000000000002        5.8939866246425866E-002
  0.31068900000000005        5.8676868097330505E-002
  0.31168800000000002        5.8415555833805817E-002
  0.31268700000000005        5.8155913297204376E-002
  0.31368600000000002        5.7897924534720556E-002
  0.31468500000000005        5.7641573796125438E-002
  0.31568400000000002        5.7386845530558762E-002
  0.31668300000000005        5.7133724383386250E-002
  0.31768200000000002        5.6882195193114257E-002
  0.31868100000000005        5.6632242988360434E-002
  0.31968000000000002        5.6383852984885768E-002
  0.32067900000000005        5.6137010582678608E-002
  0.32167800000000002        5.5891701363093398E-002
  0.32267700000000005        5.5647911086044201E-002
  0.32367600000000002        5.5405625687247689E-002
  0.32467500000000005        5.5164831275520430E-002
  0.32567400000000002        5.4925514130122297E-002
  0.32667300000000005        5.4687660698151598E-002
  0.32767200000000002        5.4451257591984950E-002
  0.32867100000000005        5.4216291586767218E-002
  0.32967000000000002        5.3982749617944505E-002
  0.33066900000000005        5.3750618778842497E-002
  0.33166800000000002        5.3519886318288794E-002
  0.33266700000000005        5.3290539638278789E-002
  0.33366600000000002        5.3062566291681677E-002
  0.33466500000000005        5.2835953979989123E-002
  0.33566400000000002        5.2610690551104053E-002
  0.33666300000000005        5.2386763997167456E-002
  0.33766200000000002        5.2164162452425493E-002
  0.33866100000000005        5.1942874191132873E-002
  0.33966000000000002        5.1722887625494776E-002
  0.34065900000000005        5.1504191303643108E-002
  0.34165800000000002        5.1286773907649824E-002
  0.34265700000000004        5.1070624251574645E-002
  0.34365600000000002        5.0855731279546179E-002
  0.34465500000000004        5.0642084063876790E-002
  0.34565400000000002        5.0429671803211173E-002
  0.34665300000000004        5.0218483820704651E-002
  0.34765200000000002        5.0008509562235355E-002
  0.34865100000000004        4.9799738594645190E-002
  0.34965000000000002        4.9592160604012440E-002
  0.35064900000000004        4.9385765393952695E-002
  0.35164800000000002        4.9180542883950046E-002
  0.35264700000000004        4.8976483107714693E-002
  0.35364600000000002        4.8773576211570857E-002
  0.35464500000000004        4.8571812452869900E-002
  0.35564400000000002        4.8371182198431069E-002
  0.35664300000000004        4.8171675923008292E-002
  0.35764200000000002        4.7973284207783289E-002
  0.35864100000000004        4.7775997738882456E-002
  0.35964000000000002        4.7579807305919750E-002
  0.36063900000000004        4.7384703800563102E-002
  0.36163800000000001        4.7190678215125390E-002
  0.36263700000000004        4.6997721641177562E-002
  0.36363600000000001        4.6805825268185206E-002
  0.36463500000000004        4.6614980382167881E-002
  0.36563400000000001        4.6425178364380128E-002
  0.36663300000000004        4.6236410690013052E-002
  0.36763200000000001        4.6048668926919729E-002
  0.36863100000000004        4.5861944734357743E-002
  0.36963000000000001        4.5676229861755471E-002
  0.37062900000000004        4.5491516147495747E-002
  0.37162800000000001        4.5307795517721086E-002
  0.37262700000000004        4.5125059985156861E-002
  0.37362600000000001        4.4943301647953841E-002
  0.37462500000000004        4.4762512688548910E-002
  0.37562400000000001        4.4582685372544922E-002
  0.37662300000000004        4.4403812047607107E-002
  0.37762200000000001        4.4225885142377713E-002
  0.37862100000000004        4.4048897165407948E-002
  0.37962000000000001        4.3872840704106270E-002
  0.38061900000000004        4.3697708423703692E-002
  0.38161800000000001        4.3523493066234861E-002
  0.38261700000000004        4.3350187449536094E-002
  0.38361600000000007        4.3177784466257314E-002
  0.38461500000000004        4.3006277082891474E-002
  0.38561400000000007        4.2835658338817681E-002
  0.38661300000000004        4.2665921345359001E-002
  0.38761200000000007        4.2497059284856205E-002
  0.38861100000000004        4.2329065409754209E-002
  0.38961000000000007        4.2161933041703847E-002
  0.39060900000000004        4.1995655570676638E-002
  0.39160800000000007        4.1830226454093247E-002
  0.39260700000000004        4.1665639215965611E-002
  0.39360600000000007        4.1501887446051787E-002
  0.39460500000000004        4.1338964799023284E-002
  0.39560400000000007        4.1176864993646346E-002
  0.39660300000000004        4.1015581811973990E-002
  0.39760200000000007        4.0855109098551098E-002
  0.39860100000000004        4.0695440759631302E-002
  0.39960000000000007        4.0536570762406104E-002
  0.40059900000000004        4.0378493134244207E-002
  0.40159800000000007        4.0221201961943731E-002
  0.40259700000000004        4.0064691390994396E-002
  0.40359600000000007        3.9908955624851583E-002
  0.40459500000000004        3.9753988924220510E-002
  0.40559400000000007        3.9599785606350996E-002
  0.40659300000000004        3.9446340044343157E-002
  0.40759200000000007        3.9293646666462657E-002
  0.40859100000000004        3.9141699955466569E-002
  0.40959000000000007        3.8990494447938638E-002
  0.41058900000000004        3.8840024733634397E-002
  0.41158800000000006        3.8690285454836514E-002
  0.41258700000000004        3.8541271305717960E-002
  0.41358600000000006        3.8392977031715868E-002
  0.41458500000000004        3.8245397428913509E-002
  0.41558400000000006        3.8098527343432102E-002
  0.41658300000000004        3.7952361670830818E-002
  0.41758200000000006        3.7806895355514562E-002
  0.41858100000000004        3.7662123390151854E-002
  0.41958000000000006        3.7518040815100281E-002
  0.42057900000000004        3.7374642717839877E-002
  0.42157800000000006        3.7231924232414726E-002
  0.42257700000000004        3.7089880538882791E-002
  0.42357600000000006        3.6948506862772963E-002
  0.42457500000000004        3.6807798474550665E-002
  0.42557400000000006        3.6667750689089833E-002
  0.42657300000000004        3.6528358865153376E-002
  0.42757200000000006        3.6389618404879961E-002
  0.42857100000000004        3.6251524753279099E-002
  0.42957000000000006        3.6114073397732191E-002
  0.43056900000000004        3.5977259867500777E-002
  0.43156800000000006        3.5841079733242701E-002
  0.43256700000000003        3.5705528606532907E-002
  0.43356600000000006        3.5570602139393268E-002
  0.43456500000000003        3.5436296023826530E-002
  0.43556400000000006        3.5302605991358614E-002
  0.43656300000000003        3.5169527812586143E-002
  0.43756200000000006        3.5037057296730359E-002
  0.43856100000000003        3.4905190291197201E-002
  0.43956000000000006        3.4773922681143710E-002
  0.44055900000000003        3.4643250389049508E-002
  0.44155800000000006        3.4513169374295195E-002
  0.44255700000000003        3.4383675632744977E-002
  0.44355600000000006        3.4254765196336662E-002
  0.44455500000000003        3.4126434132676332E-002
  0.44555400000000006        3.3998678544637811E-002
  0.44655300000000003        3.3871494569968311E-002
  0.44755200000000006        3.3744878380899929E-002
  0.44855100000000003        3.3618826183765084E-002
  0.44955000000000006        3.3493334218617332E-002
  0.45054900000000003        3.3368398758858289E-002
  0.45154800000000006        3.3244016110867851E-002
  0.45254700000000003        3.3120182613641157E-002
  0.45354600000000006        3.2996894638428698E-002
  0.45454500000000003        3.2874148588381863E-002
  0.45554400000000006        3.2751940898203574E-002
  0.45654300000000003        3.2630268033802777E-002
  0.45754200000000006        3.2509126491953998E-002
  0.45854100000000003        3.2388512799960432E-002
  0.45954000000000006        3.2268423515323434E-002
  0.46053900000000003        3.2148855225413733E-002
  0.46153800000000006        3.2029804547148565E-002
  0.46253700000000003        3.1911268126672637E-002
  0.46353600000000006        3.1793242639043609E-002
  0.46453500000000003        3.1675724787920537E-002
  0.46553400000000006        3.1558711305257024E-002
  0.46653300000000003        3.1442198950998881E-002
  0.46753200000000006        3.1326184512784683E-002
  0.46853100000000003        3.1210664805650080E-002
  0.46953000000000006        3.1095636671737242E-002
  0.47052900000000003        3.0981096980006628E-002
  0.47152800000000006        3.0867042625952749E-002
  0.47252700000000003        3.0753470531323965E-002
  0.47352600000000006        3.0640377643845376E-002
  0.47452500000000003        3.0527760936945751E-002
  0.47552400000000006        3.0415617409486683E-002
  0.47652300000000003        3.0303944085497025E-002
  0.47752200000000006        3.0192738013908933E-002
  0.47852100000000003        3.0081996268298238E-002
  0.47952000000000006        2.9971715946627488E-002
  0.48051900000000003        2.9861894170992758E-002
  0.48151800000000006        2.9752528087372904E-002
  0.48251700000000003        2.9643614865383087E-002
  0.48351600000000006        2.9535151698029376E-002
  0.48451500000000003        2.9427135801468943E-002
  0.48551400000000006        2.9319564414770762E-002
  0.48651300000000003        2.9212434799681199E-002
  0.48751200000000006        2.9105744240391095E-002
  0.48851100000000003        2.8999490043306736E-002
  0.48951000000000006        2.8893669536822490E-002
  0.49050900000000003        2.8788280071097894E-002
  0.49150800000000006        2.8683319017835548E-002
  0.49250700000000003        2.8578783770063086E-002
  0.49350600000000006        2.8474671741917035E-002
  0.49450500000000003        2.8370980368430269E-002
  0.49550400000000006        2.8267707105320256E-002
  0.49650300000000003        2.8164849428782269E-002
  0.49750200000000006        2.8062404835282346E-002
  0.49850100000000003        2.7960370841355605E-002
  0.49950000000000006        2.7858744983404585E-002
  0.50049900000000003        2.7757524817501173E-002
  0.50149800000000000        2.7656707919190959E-002
  0.50249700000000008        2.7556291883299392E-002
  0.50349600000000005        2.7456274323740617E-002
  0.50449500000000003        2.7356652873328714E-002
  0.50549400000000000        2.7257425183590339E-002
  0.50649300000000008        2.7158588924580469E-002
  0.50749200000000005        2.7060141784700651E-002
  0.50849100000000003        2.6962081470517821E-002
  0.50949000000000000        2.6864405706586509E-002
  0.51048900000000008        2.6767112235273345E-002
  0.51148800000000005        2.6670198816582481E-002
  0.51248700000000003        2.6573663227983938E-002
  0.51348600000000011        2.6477503264243658E-002
  0.51448500000000008        2.6381716737255756E-002
  0.51548400000000005        2.6286301475876291E-002
  0.51648300000000003        2.6191255325759361E-002
  0.51748200000000011        2.6096576149194989E-002
  0.51848100000000008        2.6002261824948695E-002
  0.51948000000000005        2.5908310248103323E-002
  0.52047900000000002        2.5814719329902241E-002
  0.52147800000000011        2.5721486997594630E-002
  0.52247700000000008        2.5628611194282402E-002
  0.52347600000000005        2.5536089878769059E-002
  0.52447500000000002        2.5443921025409977E-002
  0.52547400000000011        2.5352102623964739E-002
  0.52647300000000008        2.5260632679451011E-002
  0.52747200000000005        2.5169509211999768E-002
  0.52847100000000002        2.5078730256712811E-002
  0.52947000000000011        2.4988293863521215E-002
  0.53046900000000008        2.4898198097045871E-002
  0.53146800000000005        2.4808441036459579E-002
  0.53246700000000002        2.4719020775350087E-002
  0.53346600000000011        2.4629935421585543E-002
  0.53446500000000008        2.4541183097180824E-002
  0.53546400000000005        2.4452761938165667E-002
  0.53646300000000002        2.4364670094453995E-002
  0.53746200000000011        2.4276905729715331E-002
  0.53846100000000008        2.4189467021246427E-002
  0.53946000000000005        2.4102352159845918E-002
  0.54045900000000002        2.4015559349689009E-002
  0.54145800000000011        2.3929086808204169E-002
  0.54245700000000008        2.3842932765951348E-002
  0.54345600000000005        2.3757095466500920E-002
  0.54445500000000002        2.3671573166314415E-002
  0.54545400000000011        2.3586364134626787E-002
  0.54645300000000008        2.3501466653329181E-002
  0.54745200000000005        2.3416879016853812E-002
  0.54845100000000002        2.3332599532059566E-002
  0.54945000000000010        2.3248626518119098E-002
  0.55044900000000008        2.3164958306407045E-002
  0.55144800000000005        2.3081593240389588E-002
  0.55244700000000002        2.2998529675515019E-002
  0.55344600000000010        2.2915765979105576E-002
  0.55444500000000008        2.2833300530250834E-002
  0.55544400000000005        2.2751131719701220E-002
  0.55644300000000002        2.2669257949764043E-002
  0.55744200000000010        2.2587677634199332E-002
  0.55844100000000008        2.2506389198117840E-002
  0.55944000000000005        2.2425391077879487E-002
  0.56043900000000002        2.2344681720993024E-002
  0.56143800000000010        2.2264259586017264E-002
  0.56243700000000008        2.2184123142462337E-002
  0.56343600000000005        2.2104270870693006E-002
  0.56443500000000002        2.2024701261832563E-002
  0.56543400000000010        2.1945412817667733E-002
  0.56643300000000008        2.1866404050554528E-002
  0.56743200000000005        2.1787673483325633E-002
  0.56843100000000002        2.1709219649197604E-002
  0.56943000000000010        2.1631041091680504E-002
  0.57042900000000007        2.1553136364487493E-002
  0.57142800000000005        2.1475504031445495E-002
  0.57242700000000002        2.1398142666407046E-002
  0.57342600000000010        2.1321050853163097E-002
  0.57442500000000007        2.1244227185356544E-002
  0.57542400000000005        2.1167670266396519E-002
  0.57642300000000002        2.1091378709373960E-002
  0.57742200000000010        2.1015351136977715E-002
  0.57842100000000007        2.0939586181411837E-002
  0.57942000000000005        2.0864082484313436E-002
  0.58041900000000002        2.0788838696671426E-002
  0.58141800000000010        2.0713853478746332E-002
  0.58241700000000007        2.0639125499990866E-002
  0.58341600000000005        2.0564653438970768E-002
  0.58441500000000002        2.0490435983287491E-002
  0.58541400000000010        2.0416471829500741E-002
  0.58641300000000007        2.0342759683052186E-002
  0.58741200000000005        2.0269298258190304E-002
  0.58841100000000002        2.0196086277894890E-002
  0.58941000000000010        2.0123122473803816E-002
  0.59040900000000007        2.0050405586139471E-002
  0.59140800000000004        1.9977934363636110E-002
  0.59240700000000002        1.9905707563468353E-002
  0.59340600000000010        1.9833723951179924E-002
  0.59440500000000007        1.9761982300613410E-002
  0.59540400000000004        1.9690481393840688E-002
  0.59640300000000002        1.9619220021094126E-002
  0.59740200000000010        1.9548196980697756E-002
  0.59840100000000007        1.9477411079000567E-002
  0.59940000000000004        1.9406861130308987E-002
  0.60039900000000002        1.9336545956821022E-002
  0.60139800000000010        1.9266464388560559E-002
  0.60239700000000007        1.9196615263312587E-002
  0.60339600000000004        1.9126997426558774E-002
  0.60439500000000002        1.9057609731414071E-002
  0.60539400000000010        1.8988451038563517E-002
  0.60639300000000007        1.8919520216200008E-002
  0.60739200000000004        1.8850816139962846E-002
  0.60839100000000002        1.8782337692875795E-002
  0.60939000000000010        1.8714083765287375E-002
  0.61038900000000007        1.8646053254810481E-002
  0.61138800000000004        1.8578245066263266E-002
  0.61238700000000001        1.8510658111610144E-002
  0.61338600000000010        1.8443291309903739E-002
  0.61438500000000007        1.8376143587227296E-002
  0.61538400000000004        1.8309213876637354E-002
  0.61638300000000001        1.8242501118107809E-002
  0.61738200000000010        1.8176004258473037E-002
  0.61838100000000007        1.8109722251373455E-002
  0.61938000000000004        1.8043654057199997E-002
  0.62037900000000001        1.7977798643039920E-002
  0.62137800000000010        1.7912154982623170E-002
  0.62237700000000007        1.7846722056268641E-002
  0.62337600000000004        1.7781498850831974E-002
  0.62437500000000001        1.7716484359652677E-002
  0.62537400000000010        1.7651677582502676E-002
  0.62637300000000007        1.7587077525534945E-002
  0.62737200000000004        1.7522683201232712E-002
  0.62837100000000001        1.7458493628359151E-002
  0.62937000000000010        1.7394507831907328E-002
  0.63036900000000007        1.7330724843051152E-002
  0.63136800000000004        1.7267143699096536E-002
  0.63236700000000001        1.7203763443432340E-002
  0.63336600000000010        1.7140583125483194E-002
  0.63436500000000007        1.7077601800661407E-002
  0.63536400000000004        1.7014818530320185E-002
  0.63636300000000001        1.6952232381706882E-002
  0.63736200000000010        1.6889842427916808E-002
  0.63836100000000007        1.6827647747847438E-002
  0.63936000000000004        1.6765647426153371E-002
  0.64035900000000012        1.6703840553200889E-002
  0.64135800000000009        1.6642226225023874E-002
  0.64235700000000007        1.6580803543279822E-002
  0.64335600000000004        1.6519571615205741E-002
  0.64435500000000012        1.6458529553575268E-002
  0.64535400000000009        1.6397676476655815E-002
  0.64635300000000007        1.6337011508165650E-002
  0.64735200000000004        1.6276533777232562E-002
  0.64835100000000012        1.6216242418351692E-002
  0.64935000000000009        1.6156136571344241E-002
  0.65034900000000007        1.6096215381316836E-002
  0.65134800000000004        1.6036477998620784E-002
  0.65234700000000012        1.5976923578811988E-002
  0.65334600000000009        1.5917551282611204E-002
  0.65434500000000007        1.5858360275864434E-002
  0.65534400000000004        1.5799349729504059E-002
  0.65634300000000012        1.5740518819510104E-002
  0.65734200000000009        1.5681866726871697E-002
  0.65834100000000007        1.5623392637549338E-002
  0.65934000000000004        1.5565095742437038E-002
  0.66033900000000012        1.5506975237325048E-002
  0.66133800000000009        1.5449030322862895E-002
  0.66233700000000006        1.5391260204522866E-002
  0.66333600000000004        1.5333664092563344E-002
  0.66433500000000012        1.5276241201993187E-002
  0.66533400000000009        1.5218990752535801E-002
  0.66633300000000006        1.5161911968594058E-002
  0.66733200000000004        1.5105004079214930E-002
  0.66833100000000012        1.5048266318055219E-002
  0.66933000000000009        1.4991697923346705E-002
  0.67032900000000006        1.4935298137862339E-002
  0.67132800000000004        1.4879066208882396E-002
  0.67232700000000012        1.4823001388160910E-002
  0.67332600000000009        1.4767102931892593E-002
  0.67432500000000006        1.4711370100679881E-002
  0.67532400000000004        1.4655802159500346E-002
  0.67632300000000012        1.4600398377674333E-002
  0.67732200000000009        1.4545158028833025E-002
  0.67832100000000006        1.4490080390886759E-002
  0.67932000000000003        1.4435164745993186E-002
  0.68031900000000012        1.4380410380526672E-002
  0.68131800000000009        1.4325816585046801E-002
  0.68231700000000006        1.4271382654268147E-002
  0.68331600000000003        1.4217107887029869E-002
  0.68431500000000012        1.4162991586265175E-002
  0.68531400000000009        1.4109033058972145E-002
  0.68631300000000006        1.4055231616183586E-002
  0.68731200000000003        1.4001586572937982E-002
  0.68831100000000012        1.3948097248250458E-002
  0.68931000000000009        1.3894762965083742E-002
  0.69030900000000006        1.3841583050319852E-002
  0.69130800000000003        1.3788556834731508E-002
  0.69230700000000012        1.3735683652954354E-002
  0.69330600000000009        1.3682962843459030E-002
  0.69430500000000006        1.3630393748523394E-002
  0.69530400000000003        1.3577975714205338E-002
  0.69630300000000012        1.3525708090315773E-002
  0.69730200000000009        1.3473590230391469E-002
  0.69830100000000006        1.3421621491668700E-002
  0.69930000000000003        1.3369801235056508E-002
  0.70029900000000012        1.3318128825110872E-002
  0.70129800000000009        1.3266603630008337E-002
  0.70229700000000006        1.3215225021520624E-002
  0.70329600000000003        1.3163992374988824E-002
  0.70429500000000012        1.3112905069298242E-002
  0.70529400000000009        1.3061962486853240E-002
  0.70629300000000006        1.3011164013552328E-002
  0.70729200000000003        1.2960509038763585E-002
  0.70829100000000011        1.2909996955300040E-002
  0.70929000000000009        1.2859627159395535E-002
  0.71028900000000006        1.2809399050680631E-002
  0.71128800000000003        1.2759312032158777E-002
  0.71228700000000011        1.2709365510182495E-002
  0.71328600000000009        1.2659558894430272E-002
  0.71428500000000006        1.2609891597882958E-002
  0.71528400000000003        1.2560363036800816E-002
  0.71628300000000011        1.2510972630700792E-002
  0.71728200000000009        1.2461719802333631E-002
  0.71828100000000006        1.2412603977661514E-002
  0.71928000000000003        1.2363624585835686E-002
  0.72027900000000011        1.2314781059174433E-002
  0.72127800000000009        1.2266072833141033E-002
  0.72227700000000006        1.2217499346322123E-002
  0.72327600000000003        1.2169060040406007E-002
  0.72427500000000011        1.2120754360161391E-002
  0.72527400000000009        1.2072581753416068E-002
  0.72627300000000006        1.2024541671035897E-002
  0.72727200000000003        1.1976633566904068E-002
  0.72827100000000011        1.1928856897900141E-002
  0.72927000000000008        1.1881211123879786E-002
  0.73026900000000006        1.1833695707654284E-002
  0.73126800000000003        1.1786310114970389E-002
  0.73226700000000011        1.1739053814490284E-002
  0.73326600000000008        1.1691926277771688E-002
  0.73426500000000006        1.1644926979248260E-002
  0.73526400000000003        1.1598055396209915E-002
  0.73626300000000011        1.1551311008783628E-002
  0.73726200000000008        1.1504693299914060E-002
  0.73826100000000006        1.1458201755344524E-002
  0.73926000000000003        1.1411835863598195E-002
  0.74025900000000011        1.1365595115959092E-002
  0.74125800000000008        1.1319479006453805E-002
  0.74225700000000006        1.1273487031832789E-002
  0.74325600000000003        1.1227618691552168E-002
  0.74425500000000011        1.1181873487755517E-002
  0.74525400000000008        1.1136250925255884E-002
  0.74625300000000006        1.1090750511517988E-002
  0.74725200000000003        1.1045371756640342E-002
  0.74825100000000011        1.1000114173337816E-002
  0.74925000000000008        1.0954977276924091E-002
  0.75024900000000005        1.0909960585294438E-002
  0.75124800000000003        1.0865063618908453E-002
  0.75224700000000011        1.0820285900773208E-002
  0.75324600000000008        1.0775626956426107E-002
  0.75424500000000005        1.0731086313918324E-002
  0.75524400000000003        1.0686663503798171E-002
  0.75624300000000011        1.0642358059094435E-002
  0.75724200000000008        1.0598169515300206E-002
  0.75824100000000005        1.0554097410356546E-002
  0.75924000000000003        1.0510141284636456E-002
  0.76023900000000011        1.0466300680928775E-002
  0.76123800000000008        1.0422575144422429E-002
  0.76223700000000005        1.0378964222690690E-002
  0.76323600000000003        1.0335467465675525E-002
  0.76423500000000011        1.0292084425672154E-002
  0.76523400000000008        1.0248814657313716E-002
  0.76623300000000005        1.0205657717555994E-002
  0.76723200000000014        1.0162613165662179E-002
  0.76823100000000011        1.0119680563188153E-002
  0.76923000000000008        1.0076859473967310E-002
  0.77022900000000005        1.0034149464095971E-002
  0.77122800000000014        9.9915501019186056E-003
  0.77222700000000011        9.9490609580133518E-003
  0.77322600000000008        9.9066816051776446E-003
  0.77422500000000005        9.8644116184138011E-003
  0.77522400000000014        9.8222505749148131E-003
  0.77622300000000011        9.7801980540503236E-003
  0.77722200000000008        9.7382536373526018E-003
  0.77822100000000005        9.6964169085026163E-003
  0.77922000000000013        9.6546874533163934E-003
  0.78021900000000011        9.6130648597311519E-003
  0.78121800000000008        9.5715487177919830E-003
  0.78221700000000005        9.5301386196380775E-003
  0.78321600000000013        9.4888341594896539E-003
  0.78421500000000011        9.4476349336346591E-003
  0.78521400000000008        9.4065405404154170E-003
  0.78621300000000005        9.3655505802158444E-003
  0.78721200000000013        9.3246646554482511E-003
  0.78821100000000011        9.2838823705406835E-003
  0.78921000000000008        9.2432033319240336E-003
  0.79020900000000005        9.2026271480194592E-003
  0.79120800000000013        9.1621534292258017E-003
  0.79220700000000011        9.1217817879070164E-003
  0.79320600000000008        9.0815118383800134E-003
  0.79420500000000005        9.0413431969021789E-003
  0.79520400000000013        9.0012754816592017E-003
  0.79620300000000011        8.9613083127531423E-003
  0.79720200000000008        8.9214413121902307E-003
  0.79820100000000005        8.8816741038690687E-003
  0.79920000000000013        8.8420063135687243E-003
  0.80019900000000010        8.8024375689370968E-003
  0.80119800000000008        8.7629674994791230E-003
  0.80219700000000005        8.7235957365453549E-003
  0.80319600000000013        8.6843219133204280E-003
  0.80419500000000010        8.6451456648116362E-003
  0.80519400000000008        8.6060666278376229E-003
  0.80619300000000005        8.5670844410172427E-003
  0.80719200000000013        8.5281987447583425E-003
  0.80819100000000010        8.4894091812467119E-003
  0.80919000000000008        8.4507153944351748E-003
  0.81018900000000005        8.4121170300325600E-003
  0.81118800000000013        8.3736137354930486E-003
  0.81218700000000010        8.3352051600053510E-003
  0.81318600000000008        8.2968909544820536E-003
  0.81418500000000005        8.2586707715490218E-003
  0.81518400000000013        8.2205442655350087E-003
  0.81618300000000010        8.1825110924611411E-003
  0.81718200000000007        8.1445709100304627E-003
  0.81818100000000005        8.1067233776180390E-003
  0.81918000000000013        8.0689681562603269E-003
  0.82017900000000010        8.0313049086453148E-003
  0.82117800000000007        7.9937332991024106E-003
  0.82217700000000005        7.9562529935924709E-003
  0.82317600000000013        7.9188636596979368E-003
  0.82417500000000010        7.8815649666128945E-003
  0.82517400000000007        7.8443565851334628E-003
  0.82617300000000005        7.8072381876479885E-003
  0.82717200000000013        7.7702094481275396E-003
  0.82817100000000010        7.7332700421162553E-003
  0.82917000000000007        7.6964196467219394E-003
  0.83016900000000005        7.6596579406066258E-003
  0.83116800000000013        7.6229846039772538E-003
  0.83216700000000010        7.5863993185763647E-003
  0.83316600000000007        7.5499017676729265E-003
  0.83416500000000005        7.5134916360531717E-003
  0.83516400000000013        7.4771686100115432E-003
  0.83616300000000010        7.4409323773417021E-003
  0.83716200000000007        7.4047826273274699E-003
  0.83816100000000004        7.3687190507341193E-003
  0.83916000000000013        7.3327413397993894E-003
  0.84015900000000010        7.2968491882249359E-003
  0.84115800000000007        7.2610422911674076E-003
  0.84215700000000004        7.2253203452298954E-003
  0.84315600000000013        7.1896830484535152E-003
  0.84415500000000010        7.1541301003086718E-003
  0.84515400000000007        7.1186612016867516E-003
  0.84615300000000004        7.0832760548916861E-003
  0.84715200000000013        7.0479743636316624E-003
  0.84815100000000010        7.0127558330107843E-003
  0.84915000000000007        6.9776201695209237E-003
  0.85014900000000004        6.9425670810335247E-003
  0.85114800000000013        6.9075962767915508E-003
  0.85214700000000010        6.8727074674014193E-003
  0.85314600000000007        6.8379003648250149E-003
  0.85414500000000004        6.8031746823717385E-003
  0.85514400000000013        6.7685301346907369E-003
  0.85614300000000010        6.7339664377629484E-003
  0.85714200000000007        6.6994833088934551E-003
  0.85814100000000004        6.6650804667037098E-003
  0.85914000000000013        6.6307576311238859E-003
  0.86013900000000010        6.5965145233853528E-003
  0.86113800000000007        6.5623508660130120E-003
  0.86213700000000004        6.5282663828178586E-003
  0.86313600000000013        6.4942607988895855E-003
  0.86413500000000010        6.4603338405891473E-003
  0.86513400000000007        6.4264852355413469E-003
  0.86613300000000004        6.3927147126277032E-003
  0.86713200000000012        6.3590220019790911E-003
  0.86813100000000010        6.3254068349686086E-003
  0.86913000000000007        6.2918689442043943E-003
  0.87012900000000004        6.2584080635225744E-003
  0.87112800000000012        6.2250239279802522E-003
  0.87212700000000010        6.1917162738483944E-003
  0.87312600000000007        6.1584848386050228E-003
  0.87412500000000004        6.1253293609282470E-003
  0.87512400000000012        6.0922495806894246E-003
  0.87612300000000010        6.0592452389463779E-003
  0.87712200000000007        6.0263160779365828E-003
  0.87812100000000004        5.9934618410705390E-003
  0.87912000000000012        5.9606822729250308E-003
  0.88011900000000010        5.9279771192365547E-003
  0.88111800000000007        5.8953461268947387E-003
  0.88211700000000004        5.8627890439357875E-003
  0.88311600000000012        5.8303056195360241E-003
  0.88411500000000010        5.7978956040054142E-003
  0.88511400000000007        5.7655587487812493E-003
  0.88611300000000004        5.7332948064216819E-003
  0.88711200000000012        5.7011035305994818E-003
  0.88811100000000009        5.6689846760957672E-003
  0.88911000000000007        5.6369379987937611E-003
  0.89010900000000004        5.6049632556726030E-003
  0.89110800000000012        5.5730602048012145E-003
  0.89210700000000009        5.5412286053321980E-003
  0.89310600000000007        5.5094682174957757E-003
  0.89410500000000004        5.4777788025937579E-003
  0.89510400000000012        5.4461601229935930E-003
  0.89610300000000009        5.4146119421224015E-003
  0.89710200000000007        5.3831340244610559E-003
  0.89810100000000015        5.3517261355383898E-003
  0.89910000000000012        5.3203880419253058E-003
  0.90009900000000009        5.2891195112290262E-003
  0.90109800000000007        5.2579203120873292E-003
  0.90209700000000015        5.2267902141628804E-003
  0.90309600000000012        5.1957289881375121E-003
  0.90409500000000009        5.1647364057066415E-003
  0.90509400000000007        5.1338122395736662E-003
  0.90609300000000015        5.1029562634443450E-003
  0.90709200000000012        5.0721682520214013E-003
  0.90809100000000009        5.0414479809989090E-003
  0.90909000000000006        5.0107952270569255E-003
  0.91008900000000015        4.9802097678560801E-003
  0.91108800000000012        4.9496913820321585E-003
  0.91208700000000009        4.9192398491907843E-003
  0.91308600000000006        4.8888549499021220E-003
  0.91408500000000015        4.8585364656955838E-003
  0.91508400000000012        4.8282841790546049E-003
  0.91608300000000009        4.7980978734114806E-003
  0.91708200000000006        4.7679773331421134E-003
  0.91808100000000015        4.7379223435609422E-003
  0.91908000000000012        4.7079326909158685E-003
  0.92007900000000009        4.6780081623830827E-003
  0.92107800000000006        4.6481485460621516E-003
  0.92207700000000015        4.6183536309709252E-003
  0.92307600000000012        4.5886232070406416E-003
  0.92407500000000009        4.5589570651109190E-003
  0.92507400000000006        4.5293549969249178E-003
  0.92607300000000015        4.4998167951244067E-003
  0.92707200000000012        4.4703422532449862E-003
  0.92807100000000009        4.4409311657112160E-003
  0.92907000000000006        4.4115833278318695E-003
  0.93006900000000015        4.3822985357952126E-003
  0.93106800000000012        4.3530765866642181E-003
  0.93206700000000009        4.3239172783719540E-003
  0.93306600000000006        4.2948204097168563E-003
  0.93406500000000015        4.2657857803581976E-003
  0.93506400000000012        4.2368131908113570E-003
  0.93606300000000009        4.2079024424433757E-003
  0.93706200000000006        4.1790533374683825E-003
  0.93806100000000014        4.1502656789430487E-003
  0.93906000000000012        4.1215392707621597E-003
  0.94005900000000009        4.0928739176541405E-003
  0.94105800000000006        4.0642694251766401E-003
  0.94205700000000014        4.0357255997121120E-003
  0.94305600000000012        4.0072422484635408E-003
  0.94405500000000009        3.9788191794499798E-003
  0.94505400000000006        3.9504562015023467E-003
  0.94605300000000014        3.9221531242590868E-003
  0.94705200000000012        3.8939097581619756E-003
  0.94805100000000009        3.8657259144518107E-003
  0.94905000000000006        3.8376014051643356E-003
  0.95004900000000014        3.8095360431259200E-003
  0.95104800000000012        3.7815296419496133E-003
  0.95204700000000009        3.7535820160308616E-003
  0.95304600000000006        3.7256929805435306E-003
  0.95404500000000014        3.6978623514357886E-003
  0.95504400000000012        3.6700899454261489E-003
  0.95604300000000009        3.6423755799994051E-003
  0.95704200000000006        3.6147190734027272E-003
  0.95804100000000014        3.5871202446416980E-003
  0.95904000000000011        3.5595789134764172E-003
  0.96003900000000009        3.5320949004176406E-003
  0.96103800000000006        3.5046680267229180E-003
  0.96203700000000014        3.4772981143928465E-003
  0.96303600000000011        3.4499849861672643E-003
  0.96403500000000009        3.4227284655215652E-003
  0.96503400000000006        3.3955283766630346E-003
  0.96603300000000014        3.3683845445271849E-003
  0.96703200000000011        3.3412967947742734E-003
  0.96803100000000009        3.3142649537857482E-003
  0.96903000000000006        3.2872888486608809E-003
  0.97002900000000014        3.2603683072134205E-003
  0.97102800000000011        3.2335031579684226E-003
  0.97202700000000009        3.2066932301591604E-003
  0.97302600000000006        3.1799383537242558E-003
  0.97402500000000014        3.1532383593050268E-003
  0.97502400000000011        3.1265930782431264E-003
  0.97602300000000008        3.1000023425785481E-003
  0.97702200000000006        3.0734659850481720E-003
  0.97802100000000014        3.0469838390849938E-003
  0.97902000000000011        3.0205557388183076E-003
  0.98001900000000008        2.9941815190752757E-003
  0.98101800000000006        2.9678610153843514E-003
  0.98201700000000014        2.9415940639815736E-003
  0.98301600000000011        2.9153805018209589E-003
  0.98401500000000008        2.8892201665911515E-003
  0.98501400000000006        2.8631128967418536E-003
  0.98601300000000014        2.8370585315256676E-003
  0.98701200000000011        2.8110569110653474E-003
  0.98801100000000008        2.7851078764640123E-003
  0.98901000000000006        2.7592112699910193E-003
  0.99000900000000014        2.7333669354070245E-003
  0.99100800000000011        2.7075747185587042E-003
  0.99200700000000008        2.6818344685289900E-003
  0.99300600000000006        2.6561460400210319E-003
  0.99400500000000014        2.6305092987491691E-003
  0.99500400000000011        2.6049241350904737E-003
  0.99600300000000008        2.5793905043740473E-003
  0.99700200000000005        2.5539085751865964E-003
  0.99800100000000014        2.5284795085863125E-003
  0.99900000000000011        2.5031139183160386E-003
