   9.9900000000000010E-004   1.1417937161036946E-078
   1.9980000000000002E-003   1.8814279100949035E-038
   2.9970000000000005E-003   3.3916818685018834E-025
   3.9960000000000004E-003   1.2187581782268545E-018
   4.9950000000000003E-003   9.4704723251918737E-015
   5.9940000000000011E-003   3.4811213892648997E-012
   6.9930000000000010E-003   2.2597530427297483E-010
   7.9920000000000008E-003   4.9932433878305348E-009
   8.9910000000000007E-003   5.4003649584325046E-008
   9.9900000000000006E-003   3.5520178564170191E-007
   1.0989000000000001E-002   1.6305024262323812E-006
   1.1988000000000002E-002   5.7236027466089042E-006
   1.2987000000000002E-002   1.6364660685841720E-005
   1.3986000000000002E-002   3.9858775528459150E-005
   1.4985000000000002E-002   8.5459366757182630E-005
   1.5984000000000002E-002   1.6529272861661178E-004
   1.6983000000000002E-002   2.9384063451539180E-004
   1.7982000000000001E-002   4.8709614493085493E-004
   1.8981000000000001E-002   7.6155632477795988E-004
   1.9980000000000001E-002   1.1332108703157443E-003
   2.0979000000000001E-002   1.6166488641155630E-003
   2.1978000000000001E-002   2.2243580859519062E-003
   2.2977000000000001E-002   2.9662469036285883E-003
   2.3976000000000004E-002   3.8493848081031998E-003
   2.4975000000000004E-002   4.8779357859866507E-003
   2.5974000000000004E-002   6.0532475213914633E-003
   2.6973000000000004E-002   7.3740562403263260E-003
   2.7972000000000004E-002   8.8367690998209080E-003
   2.8971000000000004E-002   1.0435791063853806E-002
   2.9970000000000004E-002   1.2163869490691242E-002
   3.0969000000000003E-002   1.4012436052910141E-002
   3.1968000000000003E-002   1.5971931461273764E-002
   3.2967000000000003E-002   1.8032103444284985E-002
   3.3966000000000003E-002   2.0182272447907813E-002
   3.4965000000000003E-002   2.2411562600233713E-002
   3.5964000000000003E-002   2.4709097740158406E-002
   3.6963000000000003E-002   2.7064163872593479E-002
   3.7962000000000003E-002   2.9466340423723435E-002
   3.8961000000000003E-002   3.1905603255740808E-002
   3.9960000000000002E-002   3.4372402671257955E-002
   4.0959000000000002E-002   3.6857719683699240E-002
   4.1958000000000002E-002   3.9353103723242057E-002
   4.2957000000000002E-002   4.1850694743568097E-002
   4.3956000000000002E-002   4.4343232434024958E-002
   4.4955000000000002E-002   4.6824054954684440E-002
   4.5954000000000002E-002   4.9287089319118946E-002
   4.6953000000000002E-002   5.1726835265518023E-002
   4.7952000000000009E-002   5.4138344189921611E-002
   4.8951000000000008E-002   5.6517194470920955E-002
   4.9950000000000008E-002   5.8859464295591434E-002
   5.0949000000000008E-002   6.1161702902208341E-002
   5.1948000000000008E-002   6.3420900985764833E-002
   5.2947000000000008E-002   6.5634460866010991E-002
   5.3946000000000008E-002   6.7800166892739294E-002
   5.4945000000000008E-002   6.9916156457268550E-002
   5.5944000000000008E-002   7.1980891890348744E-002
   5.6943000000000007E-002   7.3993133452933138E-002
   5.7942000000000007E-002   7.5951913565457385E-002
   5.8941000000000007E-002   7.7856512371619571E-002
   5.9940000000000007E-002   7.9706434692520034E-002
   6.0939000000000007E-002   8.1501388394947097E-002
   6.1938000000000007E-002   8.3241264172292440E-002
   6.2937000000000007E-002   8.4926116716934882E-002
   6.3936000000000007E-002   8.6556147247988283E-002
   6.4935000000000007E-002   8.8131687347220974E-002
   6.5934000000000006E-002   8.9653184048040221E-002
   6.6933000000000006E-002   9.1121186117087277E-002
   6.7932000000000006E-002   9.2536331464699292E-002
   6.8931000000000006E-002   9.3899335618861976E-002
   6.9930000000000006E-002   9.5210981196937161E-002
   7.0929000000000006E-002   9.6472108310114713E-002
   7.1928000000000006E-002   9.7683605836972914E-002
   7.2927000000000006E-002   9.8846403504538216E-002
   7.3926000000000006E-002   9.9961464717660445E-002
   7.4925000000000005E-002  0.10102978008021828     
   7.5924000000000005E-002  0.10205236155455197     
   7.6923000000000005E-002  0.10303023720851569     
   7.7922000000000005E-002  0.10396444650254055     
   7.8921000000000005E-002  0.10485603607211401     
   7.9920000000000005E-002  0.10570605596401060     
   8.0919000000000005E-002  0.10651555628748025     
   8.1918000000000005E-002  0.10728558424434483     
   8.2917000000000005E-002  0.10801718150458478     
   8.3916000000000004E-002  0.10871138189651634     
   8.4915000000000004E-002  0.10936920938300458     
   8.5914000000000004E-002  0.10999167629740884     
   8.6913000000000004E-002  0.11057978181504041     
   8.7912000000000004E-002  0.11113451063787180     
   8.8911000000000004E-002  0.11165683187206976     
   8.9910000000000004E-002  0.11214769807960881     
   9.0909000000000004E-002  0.11260804448682779     
   9.1908000000000004E-002  0.11303878833422137     
   9.2907000000000003E-002  0.11344082835313615     
   9.3906000000000003E-002  0.11381504435627951     
   9.4905000000000003E-002  0.11416229693010338     
   9.5904000000000017E-002  0.11448342721818239     
   9.6903000000000017E-002  0.11477925678568753     
   9.7902000000000017E-002  0.11505058755594891     
   9.8901000000000017E-002  0.11529820181092405     
   9.9900000000000017E-002  0.11552286224814209     
  0.10089900000000002       0.11572531208738886     
  0.10189800000000002       0.11590627522102616     
  0.10289700000000002       0.11606645640241857     
  0.10389600000000002       0.11620654146747451     
  0.10489500000000002       0.11632719758477859     
  0.10589400000000002       0.11642907353025635     
  0.10689300000000002       0.11651279998268263     
  0.10789200000000002       0.11657898983674486     
  0.10889100000000002       0.11662823853068174     
  0.10989000000000002       0.11666112438583311     
  0.11088900000000002       0.11667820895571543     
  0.11188800000000002       0.11668003738247620     
  0.11288700000000002       0.11666713875882785     
  0.11388600000000001       0.11664002649375074     
  0.11488500000000001       0.11659919868046006     
  0.11588400000000001       0.11654513846528593     
  0.11688300000000001       0.11647831441628494     
  0.11788200000000001       0.11639918089053619     
  0.11888100000000001       0.11630817839919640     
  0.11988000000000001       0.11620573396951443     
  0.12087900000000001       0.11609226150310047     
  0.12187800000000001       0.11596816212984351     
  0.12287700000000001       0.11583382455695110     
  0.12387600000000001       0.11568962541266603     
  0.12487500000000001       0.11553592958428271     
  0.12587400000000001       0.11537309055014033     
  0.12687300000000001       0.11520145070533579     
  0.12787200000000001       0.11502134168094247     
  0.12887100000000001       0.11483308465656406     
  0.12987000000000001       0.11463699066609688     
  0.13086900000000001       0.11443336089661024     
  0.13186800000000001       0.11422248698027543     
  0.13286700000000001       0.11400465127931526     
  0.13386600000000001       0.11378012716396541     
  0.13486500000000001       0.11354917928345354     
  0.13586400000000001       0.11331206383003628     
  0.13686300000000001       0.11306902879613809     
  0.13786200000000001       0.11282031422465194     
  0.13886100000000001       0.11256615245249052     
  0.13986000000000001       0.11230676834745815     
  0.14085900000000001       0.11204237953855282     
  0.14185800000000001       0.11177319663980034     
  0.14285700000000001       0.11149942346772863     
  0.14385600000000001       0.11122125725260176     
  0.14485500000000001       0.11093888884353832     
  0.14585400000000001       0.11065250290763469     
  0.14685300000000001       0.11036227812322358     
  0.14785200000000001       0.11006838736740536     
  0.14885100000000001       0.10977099789796960     
  0.14985000000000001       0.10947027152985729     
  0.15084900000000001       0.10916636480628328     
  0.15184800000000001       0.10885942916466351     
  0.15284700000000001       0.10854961109747192     
  0.15384600000000001       0.10823705230816433     
  0.15484500000000001       0.10792188986230154     
  0.15584400000000001       0.10760425633399649     
  0.15684300000000001       0.10728427994781992     
  0.15784200000000001       0.10696208471628973     
  0.15884100000000001       0.10663779057306443     
  0.15984000000000001       0.10631151350197199     
  0.16083900000000001       0.10598336566198505     
  0.16183800000000001       0.10565345550827006     
  0.16283700000000001       0.10532188790941888     
  0.16383600000000001       0.10498876426097947     
  0.16483500000000001       0.10465418259539658     
  0.16583400000000001       0.10431823768847165     
  0.16683300000000001       0.10398102116244437     
  0.16783200000000001       0.10364262158580348     
  0.16883100000000001       0.10330312456992326     
  0.16983000000000001       0.10296261286262709     
  0.17082900000000001       0.10262116643877266     
  0.17182800000000001       0.10227886258794977     
  0.17282700000000001       0.10193577599938458     
  0.17382600000000001       0.10159197884413490     
  0.17482500000000001       0.10124754085466439     
  0.17582400000000001       0.10090252940187776     
  0.17682300000000001       0.10055700956969679     
  0.17782200000000001       0.10021104422725685     
  0.17882100000000001        9.9864694098799958E-002
  0.17982000000000001        9.9518017831335417E-002
  0.18081900000000001        9.9171072060143708E-002
  0.18181800000000001        9.8823911472189302E-002
  0.18281700000000001        9.8476588867511788E-002
  0.18381600000000001        9.8129155218659711E-002
  0.18481500000000001        9.7781659728229192E-002
  0.18581400000000001        9.7434149884571178E-002
  0.18681300000000001        9.7086671515725170E-002
  0.18781200000000001        9.6739268841633599E-002
  0.18881100000000001        9.6391984524700158E-002
  0.18981000000000001        9.6044859718735748E-002
  0.19080900000000001        9.5697934116355785E-002
  0.19180800000000003        9.5351245994867509E-002
  0.19280700000000003        9.5004832260705163E-002
  0.19380600000000003        9.4658728492454824E-002
  0.19480500000000003        9.4312968982517814E-002
  0.19580400000000003        9.3967586777456494E-002
  0.19680300000000003        9.3622613717060127E-002
  0.19780200000000003        9.3278080472183791E-002
  0.19880100000000003        9.2934016581384546E-002
  0.19980000000000003        9.2590450486410333E-002
  0.20079900000000003        9.2247409566563868E-002
  0.20179800000000003        9.1904920171990076E-002
  0.20279700000000003        9.1563007655913548E-002
  0.20379600000000003        9.1221696405864514E-002
  0.20479500000000003        9.0881009873925486E-002
  0.20579400000000003        9.0540970606026422E-002
  0.20679300000000003        9.0201600270327129E-002
  0.20779200000000003        8.9862919684707041E-002
  0.20879100000000003        8.9524948843398053E-002
  0.20979000000000003        8.9187706942785591E-002
  0.21078900000000003        8.8851212406404034E-002
  0.21178800000000003        8.8515482909152995E-002
  0.21278700000000003        8.8180535400761997E-002
  0.21378600000000003        8.7846386128521511E-002
  0.21478500000000003        8.7513050659311920E-002
  0.21578400000000003        8.7180543900946789E-002
  0.21678300000000003        8.6848880122852953E-002
  0.21778200000000003        8.6518072976114982E-002
  0.21878100000000003        8.6188135512893463E-002
  0.21978000000000003        8.5859080205248767E-002
  0.22077900000000003        8.5530918963379055E-002
  0.22177800000000003        8.5203663153299788E-002
  0.22277700000000003        8.4877323613975417E-002
  0.22377600000000003        8.4551910673925160E-002
  0.22477500000000003        8.4227434167319842E-002
  0.22577400000000003        8.3903903449580014E-002
  0.22677300000000003        8.3581327412500184E-002
  0.22777200000000003        8.3259714498906234E-002
  0.22877100000000003        8.2939072716865625E-002
  0.22977000000000003        8.2619409653462178E-002
  0.23076900000000003        8.2300732488149883E-002
  0.23176800000000003        8.1983048005699333E-002
  0.23276700000000003        8.1666362608748100E-002
  0.23376600000000003        8.1350682329970447E-002
  0.23476500000000003        8.1036012843874294E-002
  0.23576400000000003        8.0722359478241898E-002
  0.23676300000000003        8.0409727225218913E-002
  0.23776200000000003        8.0098120752071747E-002
  0.23876100000000003        7.9787544411613273E-002
  0.23976000000000003        7.9478002252317131E-002
  0.24075900000000003        7.9169498028120663E-002
  0.24175800000000003        7.8862035207936915E-002
  0.24275700000000003        7.8555616984873636E-002
  0.24375600000000003        7.8250246285176961E-002
  0.24475500000000003        7.7945925776902791E-002
  0.24575400000000003        7.7642657878329371E-002
  0.24675300000000003        7.7340444766112029E-002
  0.24775200000000003        7.7039288383196264E-002
  0.24875100000000003        7.6739190446490593E-002
  0.24975000000000003        7.6440152454307644E-002
  0.25074900000000000        7.6142175693582614E-002
  0.25174800000000003        7.5845261246875073E-002
  0.25274700000000000        7.5549409999159503E-002
  0.25374600000000003        7.5254622644412128E-002
  0.25474500000000000        7.4960899691999566E-002
  0.25574400000000003        7.4668241472877844E-002
  0.25674300000000005        7.4376648145602950E-002
  0.25774200000000003        7.4086119702162403E-002
  0.25874100000000005        7.3796655973632982E-002
  0.25974000000000003        7.3508256635667416E-002
  0.26073900000000005        7.3220921213817444E-002
  0.26173800000000003        7.2934649088698428E-002
  0.26273700000000005        7.2649439500998017E-002
  0.26373600000000003        7.2365291556336211E-002
  0.26473500000000005        7.2082204229978922E-002
  0.26573400000000003        7.1800176371412242E-002
  0.26673300000000005        7.1519206708777816E-002
  0.26773200000000003        7.1239293853178343E-002
  0.26873100000000005        7.0960436302851329E-002
  0.26973000000000003        7.0682632447220894E-002
  0.27072900000000005        7.0405880570826265E-002
  0.27172800000000003        7.0130178857135239E-002
  0.27272700000000005        6.9855525392241477E-002
  0.27372600000000002        6.9581918168451815E-002
  0.27472500000000005        6.9309355087768171E-002
  0.27572400000000002        6.9037833965262571E-002
  0.27672300000000005        6.8767352532353040E-002
  0.27772200000000002        6.8497908439981214E-002
  0.27872100000000005        6.8229499261695123E-002
  0.27972000000000002        6.7962122496638688E-002
  0.28071900000000005        6.7695775572452738E-002
  0.28171800000000002        6.7430455848089113E-002
  0.28271700000000005        6.7166160616539516E-002
  0.28371600000000002        6.6902887107484071E-002
  0.28471500000000005        6.6640632489858423E-002
  0.28571400000000002        6.6379393874346632E-002
  0.28671300000000005        6.6119168315795646E-002
  0.28771200000000002        6.5859952815560466E-002
  0.28871100000000005        6.5601744323776398E-002
  0.28971000000000002        6.5344539741565566E-002
  0.29070900000000005        6.5088335923172827E-002
  0.29170800000000002        6.4833129678042084E-002
  0.29270700000000005        6.4578917772826538E-002
  0.29370600000000002        6.4325696933339296E-002
  0.29470500000000005        6.4073463846445231E-002
  0.29570400000000002        6.3822215161894888E-002
  0.29670300000000005        6.3571947494103609E-002
  0.29770200000000002        6.3322657423876785E-002
  0.29870100000000005        6.3074341500080594E-002
  0.29970000000000002        6.2826996241264366E-002
  0.30069900000000005        6.2580618137233354E-002
  0.30169800000000002        6.2335203650570881E-002
  0.30269700000000005        6.2090749218116893E-002
  0.30369600000000002        6.1847251252400148E-002
  0.30469500000000005        6.1604706143025753E-002
  0.30569400000000002        6.1363110258021596E-002
  0.30669300000000005        6.1122459945140907E-002
  0.30769200000000002        6.0882751533127673E-002
  0.30869100000000005        6.0643981332940404E-002
  0.30969000000000002        6.0406145638939632E-002
  0.31068900000000005        6.0169240730036815E-002
  0.31168800000000002        5.9933262870809384E-002
  0.31268700000000005        5.9698208312579736E-002
  0.31368600000000002        5.9464073294460892E-002
  0.31468500000000005        5.9230854044369279E-002
  0.31568400000000002        5.8998546780005448E-002
  0.31668300000000005        5.8767147709804353E-002
  0.31768200000000002        5.8536653033855170E-002
  0.31868100000000005        5.8307058944792177E-002
  0.31968000000000002        5.8078361628657302E-002
  0.32067900000000005        5.7850557265733578E-002
  0.32167800000000002        5.7623642031356212E-002
  0.32267700000000005        5.7397612096691752E-002
  0.32367600000000002        5.7172463629496455E-002
  0.32467500000000005        5.6948192794848342E-002
  0.32567400000000002        5.6724795755856323E-002
  0.32667300000000005        5.6502268674344991E-002
  0.32767200000000002        5.6280607711517786E-002
  0.32867100000000005        5.6059809028598154E-002
  0.32967000000000002        5.5839868787450078E-002
  0.33066900000000005        5.5620783151176460E-002
  0.33166800000000002        5.5402548284699586E-002
  0.33266700000000005        5.5185160355320596E-002
  0.33366600000000002        5.4968615533260046E-002
  0.33466500000000005        5.4752909992181950E-002
  0.33566400000000002        5.4538039909697987E-002
  0.33666300000000005        5.4324001467854786E-002
  0.33766200000000002        5.4110790853605553E-002
  0.33866100000000005        5.3898404259264822E-002
  0.33966000000000002        5.3686837882945981E-002
  0.34065900000000005        5.3476087928986109E-002
  0.34165800000000002        5.3266150608353262E-002
  0.34265700000000004        5.3057022139040698E-002
  0.34365600000000002        5.2848698746446772E-002
  0.34465500000000004        5.2641176663740886E-002
  0.34565400000000002        5.2434452132216196E-002
  0.34665300000000004        5.2228521401629389E-002
  0.34765200000000002        5.2023380730528729E-002
  0.34865100000000004        5.1819026386567386E-002
  0.34965000000000002        5.1615454646808841E-002
  0.35064900000000004        5.1412661798016845E-002
  0.35164800000000002        5.1210644136937745E-002
  0.35264700000000004        5.1009397970568394E-002
  0.35364600000000002        5.0808919616416807E-002
  0.35464500000000004        5.0609205402750324E-002
  0.35564400000000002        5.0410251668835525E-002
  0.35664300000000004        5.0212054765167047E-002
  0.35764200000000002        5.0014611053687458E-002
  0.35864100000000004        4.9817916907999187E-002
  0.35964000000000002        4.9621968713565445E-002
  0.36063900000000004        4.9426762867905448E-002
  0.36163800000000001        4.9232295780778361E-002
  0.36263700000000004        4.9038563874360744E-002
  0.36363600000000001        4.8845563583416664E-002
  0.36463500000000004        4.8653291355458705E-002
  0.36563400000000001        4.8461743650903034E-002
  0.36663300000000004        4.8270916943215975E-002
  0.36763200000000001        4.8080807719054715E-002
  0.36863100000000004        4.7891412478400869E-002
  0.36963000000000001        4.7702727734687402E-002
  0.37062900000000004        4.7514750014919144E-002
  0.37162800000000001        4.7327475859787263E-002
  0.37262700000000004        4.7140901823777941E-002
  0.37362600000000001        4.6955024475274915E-002
  0.37462500000000004        4.6769840396656652E-002
  0.37562400000000001        4.6585346184387616E-002
  0.37662300000000004        4.6401538449105224E-002
  0.37762200000000001        4.6218413815700049E-002
  0.37862100000000004        4.6035968923392685E-002
  0.37962000000000001        4.5854200425805132E-002
  0.38061900000000004        4.5673104991026690E-002
  0.38161800000000001        4.5492679301676837E-002
  0.38261700000000004        4.5312920054962645E-002
  0.38361600000000007        4.5133823962732293E-002
  0.38461500000000004        4.4955387751523884E-002
  0.38561400000000007        4.4777608162611338E-002
  0.38661300000000004        4.4600481952045398E-002
  0.38761200000000007        4.4424005890691454E-002
  0.38861100000000004        4.4248176764263160E-002
  0.38961000000000007        4.4072991373353222E-002
  0.39060900000000004        4.3898446533460242E-002
  0.39160800000000007        4.3724539075012385E-002
  0.39260700000000004        4.3551265843387955E-002
  0.39360600000000007        4.3378623698932396E-002
  0.39460500000000004        4.3206609516972833E-002
  0.39560400000000007        4.3035220187829980E-002
  0.39660300000000004        4.2864452616825977E-002
  0.39760200000000007        4.2694303724290512E-002
  0.39860100000000004        4.2524770445564304E-002
  0.39960000000000007        4.2355849730999359E-002
  0.40059900000000004        4.2187538545957574E-002
  0.40159800000000007        4.2019833870806232E-002
  0.40259700000000004        4.1852732700911707E-002
  0.40359600000000007        4.1686232046630585E-002
  0.40459500000000004        4.1520328933298864E-002
  0.40559400000000007        4.1355020401218578E-002
  0.40659300000000004        4.1190303505643809E-002
  0.40759200000000007        4.1026175316762399E-002
  0.40859100000000004        4.0862632919678128E-002
  0.40959000000000007        4.0699673414389785E-002
  0.41058900000000004        4.0537293915768373E-002
  0.41158800000000006        4.0375491553533913E-002
  0.41258700000000004        4.0214263472228631E-002
  0.41358600000000006        4.0053606831190622E-002
  0.41458500000000004        3.9893518804524637E-002
  0.41558400000000006        3.9733996581071754E-002
  0.41658300000000004        3.9575037364378216E-002
  0.41758200000000006        3.9416638372661288E-002
  0.41858100000000004        3.9258796838776436E-002
  0.41958000000000006        3.9101510010180682E-002
  0.42057900000000004        3.8944775148896202E-002
  0.42157800000000006        3.8788589531472621E-002
  0.42257700000000004        3.8632950448947267E-002
  0.42357600000000006        3.8477855206806154E-002
  0.42457500000000004        3.8323301124941381E-002
  0.42557400000000006        3.8169285537610599E-002
  0.42657300000000004        3.8015805793392844E-002
  0.42757200000000006        3.7862859255144800E-002
  0.42857100000000004        3.7710443299956244E-002
  0.42957000000000006        3.7558555319104105E-002
  0.43056900000000004        3.7407192718006320E-002
  0.43156800000000006        3.7256352916173852E-002
  0.43256700000000003        3.7106033347163864E-002
  0.43356600000000006        3.6956231458530227E-002
  0.43456500000000003        3.6806944711774640E-002
  0.43556400000000006        3.6658170582296271E-002
  0.43656300000000003        3.6509906559342158E-002
  0.43756200000000006        3.6362150145954654E-002
  0.43856100000000003        3.6214898858921485E-002
  0.43956000000000006        3.6068150228722333E-002
  0.44055900000000003        3.5921901799476921E-002
  0.44155800000000006        3.5776151128891411E-002
  0.44255700000000003        3.5630895788205670E-002
  0.44355600000000006        3.5486133362138579E-002
  0.44455500000000003        3.5341861448834028E-002
  0.44555400000000006        3.5198077659806398E-002
  0.44655300000000003        3.5054779619885609E-002
  0.44755200000000006        3.4911964967161500E-002
  0.44855100000000003        3.4769631352928466E-002
  0.44955000000000006        3.4627776441629600E-002
  0.45054900000000003        3.4486397910800624E-002
  0.45154800000000006        3.4345493451013565E-002
  0.45254700000000003        3.4205060765819771E-002
  0.45354600000000006        3.4065097571693750E-002
  0.45454500000000003        3.3925601597976106E-002
  0.45554400000000006        3.3786570586816257E-002
  0.45654300000000003        3.3648002293115244E-002
  0.45754200000000006        3.3509894484468762E-002
  0.45854100000000003        3.3372244941109283E-002
  0.45954000000000006        3.3235051455848666E-002
  0.46053900000000003        3.3098311834020580E-002
  0.46153800000000006        3.2962023893422926E-002
  0.46253700000000003        3.2826185464259722E-002
  0.46353600000000006        3.2690794389084128E-002
  0.46453500000000003        3.2555848522739607E-002
  0.46553400000000006        3.2421345732303319E-002
  0.46653300000000003        3.2287283897027279E-002
  0.46753200000000006        3.2153660908281173E-002
  0.46853100000000003        3.2020474669494731E-002
  0.46953000000000006        3.1887723096099559E-002
  0.47052900000000003        3.1755404115472050E-002
  0.47152800000000006        3.1623515666875462E-002
  0.47252700000000003        3.1492055701402552E-002
  0.47352600000000006        3.1361022181918177E-002
  0.47452500000000003        3.1230413083001833E-002
  0.47552400000000006        3.1100226390890599E-002
  0.47652300000000003        3.0970460103422682E-002
  0.47752200000000006        3.0841112229978256E-002
  0.47852100000000003        3.0712180791425944E-002
  0.47952000000000006        3.0583663820063254E-002
  0.48051900000000003        3.0455559359561301E-002
  0.48151800000000006        3.0327865464908666E-002
  0.48251700000000003        3.0200580202354183E-002
  0.48351600000000006        3.0073701649351803E-002
  0.48451500000000003        2.9947227894504325E-002
  0.48551400000000006        2.9821157037507897E-002
  0.48651300000000003        2.9695487189095988E-002
  0.48751200000000006        2.9570216470985039E-002
  0.48851100000000003        2.9445343015818481E-002
  0.48951000000000006        2.9320864967112489E-002
  0.49050900000000003        2.9196780479200848E-002
  0.49150800000000006        2.9073087717180861E-002
  0.49250700000000003        2.8949784856859419E-002
  0.49350600000000006        2.8826870084698027E-002
  0.49450500000000003        2.8704341597760315E-002
  0.49550400000000006        2.8582197603657794E-002
  0.49650300000000003        2.8460436320496937E-002
  0.49750200000000006        2.8339055976826143E-002
  0.49850100000000003        2.8218054811583040E-002
  0.49950000000000006        2.8097431074041928E-002
  0.50049900000000003        2.7977183023762134E-002
  0.50149800000000000        2.7857308930535729E-002
  0.50249700000000008        2.7737807074335406E-002
  0.50349600000000005        2.7618675745264450E-002
  0.50449500000000003        2.7499913243504745E-002
  0.50549400000000000        2.7381517879266008E-002
  0.50649300000000008        2.7263487972735905E-002
  0.50749200000000005        2.7145821854029868E-002
  0.50849100000000003        2.7028517863140502E-002
  0.50949000000000000        2.6911574349888806E-002
  0.51048900000000008        2.6794989673874878E-002
  0.51148800000000005        2.6678762204428465E-002
  0.51248700000000003        2.6562890320561146E-002
  0.51348600000000011        2.6447372410917300E-002
  0.51448500000000008        2.6332206873726626E-002
  0.51548400000000005        2.6217392116756430E-002
  0.51648300000000003        2.6102926557264206E-002
  0.51748200000000011        2.5988808621950715E-002
  0.51848100000000008        2.5875036746913251E-002
  0.51948000000000005        2.5761609377599668E-002
  0.52047900000000002        2.5648524968761785E-002
  0.52147800000000011        2.5535781984410536E-002
  0.52247700000000008        2.5423378897769931E-002
  0.52347600000000005        2.5311314191232517E-002
  0.52447500000000002        2.5199586356314869E-002
  0.52547400000000011        2.5088193893612946E-002
  0.52647300000000008        2.4977135312758400E-002
  0.52747200000000005        2.4866409132375221E-002
  0.52847100000000002        2.4756013880036194E-002
  0.52947000000000011        2.4645948092220128E-002
  0.53046900000000008        2.4536210314269669E-002
  0.53146800000000005        2.4426799100348732E-002
  0.53246700000000002        2.4317713013401198E-002
  0.53346600000000011        2.4208950625108954E-002
  0.53446500000000008        2.4100510515851492E-002
  0.53546400000000005        2.3992391274664709E-002
  0.53646300000000002        2.3884591499201111E-002
  0.53746200000000011        2.3777109795689158E-002
  0.53846100000000008        2.3669944778894694E-002
  0.53946000000000005        2.3563095072080736E-002
  0.54045900000000002        2.3456559306969570E-002
  0.54145800000000011        2.3350336123703515E-002
  0.54245700000000008        2.3244424170807576E-002
  0.54345600000000005        2.3138822105151335E-002
  0.54445500000000002        2.3033528591911719E-002
  0.54545400000000011        2.2928542304536267E-002
  0.54645300000000008        2.2823861924706416E-002
  0.54745200000000005        2.2719486142301463E-002
  0.54845100000000002        2.2615413655362668E-002
  0.54945000000000010        2.2511643170058198E-002
  0.55044900000000008        2.2408173400647768E-002
  0.55144800000000005        2.2305003069448270E-002
  0.55244700000000002        2.2202130906799730E-002
  0.55344600000000010        2.2099555651030955E-002
  0.55444500000000008        2.1997276048426904E-002
  0.55544400000000005        2.1895290853194933E-002
  0.55644300000000002        2.1793598827432883E-002
  0.55744200000000010        2.1692198741096048E-002
  0.55844100000000008        2.1591089371966250E-002
  0.55944000000000005        2.1490269505619813E-002
  0.56043900000000002        2.1389737935396769E-002
  0.56143800000000010        2.1289493462370291E-002
  0.56243700000000008        2.1189534895316445E-002
  0.56343600000000005        2.1089861050684323E-002
  0.56443500000000002        2.0990470752566860E-002
  0.56543400000000010        2.0891362832671779E-002
  0.56643300000000008        2.0792536130292957E-002
  0.56743200000000005        2.0693989492282343E-002
  0.56843100000000002        2.0595721773022459E-002
  0.56943000000000010        2.0497731834398500E-002
  0.57042900000000007        2.0400018545772225E-002
  0.57142800000000005        2.0302580783954728E-002
  0.57242700000000002        2.0205417433181074E-002
  0.57342600000000010        2.0108527385084209E-002
  0.57442500000000007        2.0011909538669943E-002
  0.57542400000000005        1.9915562800291983E-002
  0.57642300000000002        1.9819486083627980E-002
  0.57742200000000010        1.9723678309655254E-002
  0.57842100000000007        1.9628138406627523E-002
  0.57942000000000005        1.9532865310051623E-002
  0.58041900000000002        1.9437857962665322E-002
  0.58141800000000010        1.9343115314414492E-002
  0.58241700000000007        1.9248636322432004E-002
  0.58341600000000005        1.9154419951016119E-002
  0.58441500000000002        1.9060465171609704E-002
  0.58541400000000010        1.8966770962779721E-002
  0.58641300000000007        1.8873336310197421E-002
  0.58741200000000005        1.8780160206618723E-002
  0.58841100000000002        1.8687241651865256E-002
  0.58941000000000010        1.8594579652805573E-002
  0.59040900000000007        1.8502173223337283E-002
  0.59140800000000004        1.8410021384368959E-002
  0.59240700000000002        1.8318123163803195E-002
  0.59340600000000010        1.8226477596519967E-002
  0.59440500000000007        1.8135083724359752E-002
  0.59540400000000004        1.8043940596108411E-002
  0.59640300000000002        1.7953047267481259E-002
  0.59740200000000010        1.7862402801108363E-002
  0.59840100000000007        1.7772006266520202E-002
  0.59940000000000004        1.7681856740133620E-002
  0.60039900000000002        1.7591953305238266E-002
  0.60139800000000010        1.7502295051983793E-002
  0.60239700000000007        1.7412881077367406E-002
  0.60339600000000004        1.7323710485221459E-002
  0.60439500000000002        1.7234782386202352E-002
  0.60539400000000010        1.7146095897779323E-002
  0.60639300000000007        1.7057650144223988E-002
  0.60739200000000004        1.6969444256600213E-002
  0.60839100000000002        1.6881477372754593E-002
  0.60939000000000010        1.6793748637307527E-002
  0.61038900000000007        1.6706257201644668E-002
  0.61138800000000004        1.6619002223908868E-002
  0.61238700000000001        1.6531982868992875E-002
  0.61338600000000010        1.6445198308532021E-002
  0.61438500000000007        1.6358647720898182E-002
  0.61538400000000004        1.6272330291193501E-002
  0.61638300000000001        1.6186245211245353E-002
  0.61738200000000010        1.6100391679601346E-002
  0.61838100000000007        1.6014768901524805E-002
  0.61938000000000004        1.5929376088991320E-002
  0.62037900000000001        1.5844212460685479E-002
  0.62137800000000010        1.5759277241997948E-002
  0.62237700000000007        1.5674569665023681E-002
  0.62337600000000004        1.5590088968560040E-002
  0.62437500000000001        1.5505834398106136E-002
  0.62537400000000010        1.5421805205862052E-002
  0.62637300000000007        1.5338000650729332E-002
  0.62737200000000004        1.5254419998311295E-002
  0.62837100000000001        1.5171062520914765E-002
  0.62937000000000010        1.5087927497551629E-002
  0.63036900000000007        1.5005014213941426E-002
  0.63136800000000004        1.4922321962514373E-002
  0.63236700000000001        1.4839850042415094E-002
  0.63336600000000010        1.4757597759506911E-002
  0.63436500000000007        1.4675564426376544E-002
  0.63536400000000004        1.4593749362339715E-002
  0.63636300000000001        1.4512151893447386E-002
  0.63736200000000010        1.4430771352492199E-002
  0.63836100000000007        1.4349607079016138E-002
  0.63936000000000004        1.4268658419318389E-002
  0.64035900000000012        1.4187924726463868E-002
  0.64135800000000009        1.4107405360292756E-002
  0.64235700000000007        1.4027099687430346E-002
  0.64335600000000004        1.3947007081297499E-002
  0.64435500000000012        1.3867126922122075E-002
  0.64535400000000009        1.3787458596950955E-002
  0.64635300000000007        1.3708001499662387E-002
  0.64735200000000004        1.3628755030979383E-002
  0.64835100000000012        1.3549718598483845E-002
  0.64935000000000009        1.3470891616631318E-002
  0.65034900000000007        1.3392273506765825E-002
  0.65134800000000004        1.3313863697136658E-002
  0.65234700000000012        1.3235661622914801E-002
  0.65334600000000009        1.3157666726210574E-002
  0.65434500000000007        1.3079878456091836E-002
  0.65534400000000004        1.3002296268603006E-002
  0.65634300000000012        1.2924919626784983E-002
  0.65734200000000009        1.2847748000695413E-002
  0.65834100000000007        1.2770780867430012E-002
  0.65934000000000004        1.2694017711144706E-002
  0.66033900000000012        1.2617458023078296E-002
  0.66133800000000009        1.2541101301576200E-002
  0.66233700000000006        1.2464947052114624E-002
  0.66333600000000004        1.2388994787325948E-002
  0.66433500000000012        1.2313244027024542E-002
  0.66533400000000009        1.2237694298233686E-002
  0.66633300000000006        1.2162345135213104E-002
  0.66733200000000004        1.2087196079487505E-002
  0.66833100000000012        1.2012246679875698E-002
  0.66933000000000009        1.1937496492521030E-002
  0.67032900000000006        1.1862945080922040E-002
  0.67132800000000004        1.1788592015964669E-002
  0.67232700000000012        1.1714436875954642E-002
  0.67332600000000009        1.1640479246651429E-002
  0.67432500000000006        1.1566718721302572E-002
  0.67532400000000004        1.1493154900679094E-002
  0.67632300000000012        1.1419787393111969E-002
  0.67732200000000009        1.1346615814529240E-002
  0.67832100000000006        1.1273639788494303E-002
  0.67932000000000003        1.1200858946244997E-002
  0.68031900000000012        1.1128272926733695E-002
  0.68131800000000009        1.1055881376668335E-002
  0.68231700000000006        1.0983683950554515E-002
  0.68331600000000003        1.0911680310738289E-002
  0.68431500000000012        1.0839870127450399E-002
  0.68531400000000009        1.0768253078851117E-002
  0.68631300000000006        1.0696828851076305E-002
  0.68731200000000003        1.0625597138284414E-002
  0.68831100000000012        1.0554557642704528E-002
  0.68931000000000009        1.0483710074685572E-002
  0.69030900000000006        1.0413054152746367E-002
  0.69130800000000003        1.0342589603626853E-002
  0.69230700000000012        1.0272316162340518E-002
  0.69330600000000009        1.0202233572227715E-002
  0.69430500000000006        1.0132341585010035E-002
  0.69530400000000003        1.0062639960846160E-002
  0.69630300000000012        9.9931284683884569E-003
  0.69730200000000009        9.9238068848407444E-003
  0.69830100000000006        9.8546749960175956E-003
  0.69930000000000003        9.7857325964041241E-003
  0.70029900000000012        9.7169794892176010E-003
  0.70129800000000009        9.6484154864698926E-003
  0.70229700000000006        9.5800404090311056E-003
  0.70329600000000003        9.5118540866945302E-003
  0.70429500000000012        9.4438563582428074E-003
  0.70529400000000009        9.3760470715152401E-003
  0.70629300000000006        9.3084260834763212E-003
  0.70729200000000003        9.2409932602857056E-003
  0.70829100000000011        9.1737484773691640E-003
  0.70929000000000009        9.1066916194910662E-003
  0.71028900000000006        9.0398225808279546E-003
  0.71128800000000003        8.9731412650435795E-003
  0.71228700000000011        8.9066475853650899E-003
  0.71328600000000009        8.8403414646606570E-003
  0.71428500000000006        8.7742228355183558E-003
  0.71528400000000003        8.7082916403264099E-003
  0.71628300000000011        8.6425478313548829E-003
  0.71728200000000009        8.5769913708385343E-003
  0.71828100000000006        8.5116222310612881E-003
  0.71928000000000003        8.4464403944417912E-003
  0.72027900000000011        8.3814458536207882E-003
  0.72127800000000009        8.3166386115494737E-003
  0.72227700000000006        8.2520186815795028E-003
  0.72327600000000003        8.1875860875544326E-003
  0.72427500000000011        8.1233408639025066E-003
  0.72527400000000009        8.0592830557308665E-003
  0.72627300000000006        7.9954127189214054E-003
  0.72727200000000003        7.9317299202280294E-003
  0.72827100000000011        7.8682347373750326E-003
  0.72927000000000008        7.8049272591576239E-003
  0.73026900000000006        7.7418075855432847E-003
  0.73126800000000003        7.6788758277752450E-003
  0.73226700000000011        7.6161321084768033E-003
  0.73326600000000008        7.5535765617577768E-003
  0.73426500000000006        7.4912093333220726E-003
  0.73526400000000003        7.4290305805770201E-003
  0.73626300000000011        7.3670404727440280E-003
  0.73726200000000008        7.3052391909709724E-003
  0.73826100000000006        7.2436269284460713E-003
  0.73926000000000003        7.1822038905131353E-003
  0.74025900000000011        7.1209702947887150E-003
  0.74125800000000008        7.0599263712804458E-003
  0.74225700000000006        6.9990723625072380E-003
  0.74325600000000003        6.9384085236207736E-003
  0.74425500000000011        6.8779351225287007E-003
  0.74525400000000008        6.8176524400194016E-003
  0.74625300000000006        6.7575607698882080E-003
  0.74725200000000003        6.6976604190652489E-003
  0.74825100000000011        6.6379517077447782E-003
  0.74925000000000008        6.5784349695161611E-003
  0.75024900000000005        6.5191105514962322E-003
  0.75124800000000003        6.4599788144632476E-003
  0.75224700000000011        6.4010401329924515E-003
  0.75324600000000008        6.3422948955929731E-003
  0.75424500000000005        6.2837435048463414E-003
  0.75524400000000003        6.2253863775464146E-003
  0.75624300000000011        6.1672239448408708E-003
  0.75724200000000008        6.1092566523739929E-003
  0.75824100000000005        6.0514849604310240E-003
  0.75924000000000003        5.9939093440838616E-003
  0.76023900000000011        5.9365302933381478E-003
  0.76123800000000008        5.8793483132817690E-003
  0.76223700000000005        5.8223639242345991E-003
  0.76323600000000003        5.7655776618995838E-003
  0.76423500000000011        5.7089900775152058E-003
  0.76523400000000008        5.6526017380090299E-003
  0.76623300000000005        5.5964132261525062E-003
  0.76723200000000014        5.5404251407170091E-003
  0.76823100000000011        5.4846380966309012E-003
  0.76923000000000008        5.4290527251377244E-003
  0.77022900000000005        5.3736696739553804E-003
  0.77122800000000014        5.3184896074363426E-003
  0.77222700000000011        5.2635132067287540E-003
  0.77322600000000008        5.2087411699383423E-003
  0.77422500000000005        5.1541742122912159E-003
  0.77522400000000014        5.0998130662973026E-003
  0.77622300000000011        5.0456584819144655E-003
  0.77722200000000008        4.9917112267133419E-003
  0.77822100000000005        4.9379720860423986E-003
  0.77922000000000013        4.8844418631935936E-003
  0.78021900000000011        4.8311213795684095E-003
  0.78121800000000008        4.7780114748439424E-003
  0.78221700000000005        4.7251130071391889E-003
  0.78321600000000013        4.6724268531814009E-003
  0.78421500000000011        4.6199539084722900E-003
  0.78521400000000008        4.5676950874540163E-003
  0.78621300000000005        4.5156513236748134E-003
  0.78721200000000013        4.4638235699541893E-003
  0.78821100000000011        4.4122127985474864E-003
  0.78921000000000008        4.3608200013096248E-003
  0.79020900000000005        4.3096461898580419E-003
  0.79120800000000013        4.2586923957343209E-003
  0.79220700000000011        4.2079596705648847E-003
  0.79320600000000008        4.1574490862198617E-003
  0.79420500000000005        4.1071617349707429E-003
  0.79520400000000013        4.0570987296457287E-003
  0.79620300000000011        4.0072612037834309E-003
  0.79720200000000008        3.9576503117841246E-003
  0.79820100000000005        3.9082672290584467E-003
  0.79920000000000013        3.8591131521734569E-003
  0.80019900000000010        3.8101892989956944E-003
  0.80119800000000008        3.7614969088307789E-003
  0.80219700000000005        3.7130372425597234E-003
  0.80319600000000013        3.6648115827711794E-003
  0.80419500000000010        3.6168212338896092E-003
  0.80519400000000008        3.5690675222989597E-003
  0.80619300000000005        3.5215517964614939E-003
  0.80719200000000013        3.4742754270314438E-003
  0.80819100000000010        3.4272398069631082E-003
  0.80919000000000008        3.3804463516129975E-003
  0.81018900000000005        3.3338964988355543E-003
  0.81118800000000013        3.2875917090722821E-003
  0.81218700000000010        3.2415334654333923E-003
  0.81318600000000008        3.1957232737719241E-003
  0.81418500000000005        3.1501626627496600E-003
  0.81518400000000013        3.1048531838942439E-003
  0.81618300000000010        3.0597964116472090E-003
  0.81718200000000007        3.0149939434021113E-003
  0.81818100000000005        2.9704473995323779E-003
  0.81918000000000013        2.9261584234081170E-003
  0.82017900000000010        2.8821286814014030E-003
  0.82117800000000007        2.8383598628792198E-003
  0.82217700000000005        2.7948536801835227E-003
  0.82317600000000013        2.7516118685975781E-003
  0.82417500000000010        2.7086361862979236E-003
  0.82517400000000007        2.6659284142911519E-003
  0.82617300000000005        2.6234903563346398E-003
  0.82717200000000013        2.5813238388404285E-003
  0.82817100000000010        2.5394307107614346E-003
  0.82917000000000007        2.4978128434589523E-003
  0.83016900000000005        2.4564721305505395E-003
  0.83116800000000013        2.4154104877373871E-003
  0.83216700000000010        2.3746298526099549E-003
  0.83316600000000007        2.3341321844309671E-003
  0.83416500000000005        2.2939194638945605E-003
  0.83516400000000013        2.2539936928604653E-003
  0.83616300000000010        2.2143568940619931E-003
  0.83716200000000007        2.1750111107865090E-003
  0.83816100000000004        2.1359584065272835E-003
  0.83916000000000013        2.0972008646051440E-003
  0.84015900000000010        2.0587405877586628E-003
  0.84115800000000007        2.0205796977014034E-003
  0.84215700000000004        1.9827203346446881E-003
  0.84315600000000013        1.9451646567843167E-003
  0.84415500000000010        1.9079148397497456E-003
  0.84515400000000007        1.8709730760137642E-003
  0.84615300000000004        1.8343415742613489E-003
  0.84715200000000013        1.7980225587154676E-003
  0.84815100000000010        1.7620182684182873E-003
  0.84915000000000007        1.7263309564657171E-003
  0.85014900000000004        1.6909628891933867E-003
  0.85114800000000013        1.6559163453119176E-003
  0.85214700000000010        1.6211936149894764E-003
  0.85314600000000007        1.5867969988793635E-003
  0.85414500000000004        1.5527288070904251E-003
  0.85514400000000013        1.5189913580979811E-003
  0.85614300000000010        1.4855869775928622E-003
  0.85714200000000007        1.4525179972661552E-003
  0.85814100000000004        1.4197867535271078E-003
  0.85914000000000013        1.3873955861516101E-003
  0.86013900000000010        1.3553468368587025E-003
  0.86113800000000007        1.3236428478122432E-003
  0.86213700000000004        1.2922859600450927E-003
  0.86313600000000013        1.2612785118029564E-003
  0.86413500000000010        1.2306228368049591E-003
  0.86513400000000007        1.2003212624180264E-003
  0.86613300000000004        1.1703761077420771E-003
  0.86713200000000012        1.1407896816029749E-003
  0.86813100000000010        1.1115642804501512E-003
  0.86913000000000007        1.0827021861557211E-003
  0.87012900000000004        1.0542056637119987E-003
  0.87112800000000012        1.0260769588241524E-003
  0.87212700000000010        9.9831829539483510E-004
  0.87312600000000007        9.7093187289749850E-004
  0.87412500000000004        9.4391986363525759E-004
  0.87512400000000012        9.1728440988199887E-004
  0.87612300000000010        8.9102762090260826E-004
  0.87712200000000007        8.6515156984910311E-004
  0.87812100000000004        8.3965829052961021E-004
  0.87912000000000012        8.1454977404712557E-004
  0.88011900000000010        7.8982796530508879E-004
  0.88111800000000007        7.6549475937695783E-004
  0.88211700000000004        7.4155199773704773E-004
  0.88311600000000012        7.1800146435004768E-004
  0.88411500000000010        6.9484488161689290E-004
  0.88511400000000007        6.7208390617471932E-004
  0.88611300000000004        6.4972012454906746E-004
  0.88711200000000012        6.2775504865660676E-004
  0.88811100000000009        6.0619011115709280E-004
  0.88911000000000007        5.8502666065350585E-004
  0.89010900000000004        5.6426595673985931E-004
  0.89110800000000012        5.4390916489648999E-004
  0.89210700000000009        5.2395735123324542E-004
  0.89310600000000007        5.0441147708143238E-004
  0.89410500000000004        4.8527239343615667E-004
  0.89510400000000012        4.6654083525122554E-004
  0.89610300000000009        4.4821741558963052E-004
  0.89710200000000007        4.3030261963343449E-004
  0.89810100000000015        4.1279679855780126E-004
  0.89910000000000012        3.9570016327489618E-004
  0.90009900000000009        3.7901277805448349E-004
  0.90109800000000007        3.6273455402924541E-004
  0.90209700000000015        3.4686524259410747E-004
  0.90309600000000012        3.3140442871029875E-004
  0.90409500000000009        3.1635152412631649E-004
  0.90509400000000007        3.0170576052968614E-004
  0.90609300000000015        2.8746618264509621E-004
  0.90709200000000012        2.7363164129639829E-004
  0.90809100000000009        2.6020078645198083E-004
  0.90909000000000006        2.4717206027520072E-004
  0.91008900000000015        2.3454369020383615E-004
  0.91108800000000012        2.2231368208498975E-004
  0.91208700000000009        2.1047981339444806E-004
  0.91308600000000006        1.9903962657226765E-004
  0.91408500000000015        1.8799042250921636E-004
  0.91508400000000012        1.7732925422174792E-004
  0.91608300000000009        1.6705292075631435E-004
  0.91708200000000006        1.5715796136715686E-004
  0.91808100000000015        1.4764065001506845E-004
  0.91908000000000012        1.3849699023815100E-004
  0.92007900000000009        1.2972271044914640E-004
  0.92107800000000006        1.2131325971757876E-004
  0.92207700000000015        1.1326380409857465E-004
  0.92307600000000012        1.0556922357388826E-004
  0.92407500000000009        9.8224109674224089E-005
  0.92507400000000006        9.1222763855447876E-005
  0.92607300000000015        8.4559196704563785E-005
  0.92707200000000012        7.8227128054406266E-005
  0.92807100000000009        7.2219988088732004E-005
  0.92907000000000006        6.6530919521738742E-005
  0.93006900000000015        6.1152780937830760E-005
  0.93106800000000012        5.6078151378622325E-005
  0.93206700000000009        5.1299336264566903E-005
  0.93306600000000006        4.6808374738078984E-005
  0.93406500000000015        4.2597048513401764E-005
  0.93506400000000012        3.8656892315608885E-005
  0.93606300000000009        3.4979205986806176E-005
  0.93706200000000006        3.1555068331630032E-005
  0.93806100000000014        2.8375352766278027E-005
  0.93906000000000012        2.5430744825362643E-005
  0.94005900000000009        2.2711761568591545E-005
  0.94105800000000006        2.0208772914447045E-005
  0.94205700000000014        1.7912024910398214E-005
  0.94305600000000012        1.5811664928572013E-005
  0.94405500000000009        1.3897768752009933E-005
  0.94505400000000006        1.2160369489538518E-005
  0.94605300000000014        1.0589488226763591E-005
  0.94705200000000012        9.1751662867787728E-006
  0.94805100000000009        7.9074989369138609E-006
  0.94905000000000006        6.7766703374675589E-006
  0.95004900000000014        5.7729894851943851E-006
  0.95104800000000012        4.8869268589052440E-006
  0.95204700000000009        4.1091514276129610E-006
  0.95304600000000006        3.4305676342059751E-006
  0.95404500000000014        2.8423519209057956E-006
  0.95504400000000012        2.3359883183212380E-006
  0.95604300000000009        1.9033025796168538E-006
  0.95704200000000006        1.5364943073655333E-006
  0.95804100000000014        1.2281664955538476E-006
  0.95904000000000011        9.7135189574521982E-007
  0.96003900000000009        7.5953561756273610E-007
  0.96103800000000006        5.8667339252555977E-007
  0.96203700000000014        4.4720496988381372E-007
  0.96303600000000011        3.3606217620470575E-007
  0.96403500000000009        2.4867125926453938E-007
  0.96503400000000006        1.8094925260762597E-007
  0.96603300000000014        1.2929423996214950E-007
  0.96703200000000011        9.0569566856935620E-008
  0.96803100000000009        6.2082236404084991E-008
  0.96903000000000006        4.1555930900081650E-008
  0.97002900000000014        2.7099311436800422E-008
  0.97102800000000011        1.7170452027017938E-008
  0.97202700000000009        1.0538448175295828E-008
  0.97302600000000006        6.2433858516996723E-009
  0.97402500000000014        3.5559483707283113E-009
  0.97502400000000011        1.9379599797049667E-009
  0.97602300000000008        1.0051040238525617E-009
  0.97702200000000006        4.9290494751230172E-010
  0.97802100000000014        2.2683098346481736E-010
  0.97902000000000011        9.7073390379695895E-011
  0.98001900000000008        3.8215605440888915E-011
  0.98101800000000006        1.3658800787443416E-011
  0.98201700000000014        4.3614522249477792E-012
  0.98301600000000011        1.2197280399920163E-012
  0.98401500000000008        2.9141323016160118E-013
  0.98501400000000006        5.7634397410101269E-014
  0.98601300000000014        9.0608622562390227E-015
  0.98701200000000011        1.0738122108641715E-015
  0.98801100000000008        8.9374919183556006E-017
  0.98901000000000006        4.7434206649712114E-018
  0.99000900000000014        1.4022422999040006E-019
  0.99100800000000011        1.8991557688410550E-021
  0.99200700000000008        8.7908228148581585E-024
  0.99300600000000006        8.7750273612599772E-027
  0.99400500000000014        8.7694872208656627E-031
  0.99500400000000011        2.2054059504335181E-036
  0.99600300000000008        8.8225127899311300E-045
  0.99700200000000005        8.9488954209077724E-059
  0.99800100000000014        9.3825562454298759E-087
  0.99900000000000011        1.2368909837685525E-170
