   9.9900000000000010E-004   1.2046060372767018E-052
   1.9980000000000002E-003   9.7246261022749798E-026
   2.9970000000000005E-003   6.4229355701824985E-017
   3.9960000000000004E-003   1.3983191128508002E-012
   4.9950000000000003E-003   5.0791909897390847E-010
   5.9940000000000011E-003   2.4240929414139613E-008
   6.9930000000000010E-003   3.6628433885696174E-007
   7.9920000000000008E-003   2.7133834677753032E-006
   8.9910000000000007E-003   1.2547189008268604E-005
   9.9900000000000006E-003   4.1833612705256598E-005
   1.0989000000000001E-002   1.1016998837063982E-004
   1.1988000000000002E-002   2.4345752971231618E-004
   1.2987000000000002E-002   4.7063676851430213E-004
   1.3986000000000002E-002   8.1977470560166369E-004
   1.4985000000000002E-002   1.3146681975383190E-003
   1.5984000000000002E-002   1.9725981623440903E-003
   1.6983000000000002E-002   2.8033560489407472E-003
   1.7982000000000001E-002   3.8093427213827758E-003
   1.8981000000000001E-002   4.9864110452550658E-003
   1.9980000000000001E-002   6.3251226534664024E-003
   2.0979000000000001E-002   7.8121512397436206E-003
   2.1978000000000001E-002   9.4316445101638776E-003
   2.2977000000000001E-002   1.1166430645211283E-002
   2.3976000000000004E-002   1.2999013221522577E-002
   2.4975000000000004E-002   1.4912339529503601E-002
   2.5974000000000004E-002   1.6890353317870036E-002
   2.6973000000000004E-002   1.8918357599975150E-002
   2.7972000000000004E-002   2.0983219615010078E-002
   2.8971000000000004E-002   2.3073451144141492E-002
   2.9970000000000004E-002   2.5179195266025058E-002
   3.0969000000000003E-002   2.7292146815975325E-002
   3.1968000000000003E-002   2.9405429309878998E-002
   3.2967000000000003E-002   3.1513446553316823E-002
   3.3966000000000003E-002   3.3611722953801312E-002
   3.4965000000000003E-002   3.5696742879670867E-002
   3.5964000000000003E-002   3.7765796331795644E-002
   3.6963000000000003E-002   3.9816835707754530E-002
   3.7962000000000003E-002   4.1848346493955642E-002
   3.8961000000000003E-002   4.3859233250014173E-002
   3.9960000000000002E-002   4.5848721175615822E-002
   4.0959000000000002E-002   4.7816272798934231E-002
   4.1958000000000002E-002   4.9761518829845391E-002
   4.2957000000000002E-002   5.1684201921843011E-002
   4.3956000000000002E-002   5.3584131934248630E-002
   4.4955000000000002E-002   5.5461151240618539E-002
   4.5954000000000002E-002   5.7315108657972784E-002
   4.6953000000000002E-002   5.9145840649533023E-002
   4.7952000000000009E-002   6.0953158561996713E-002
   4.8951000000000008E-002   6.2736840782795886E-002
   4.9950000000000008E-002   6.4496628833108277E-002
   5.0949000000000008E-002   6.6232226541445324E-002
   5.1948000000000008E-002   6.7943301565673270E-002
   5.2947000000000008E-002   6.9629488645420901E-002
   5.3946000000000008E-002   7.1290394070287477E-002
   5.4945000000000008E-002   7.2925600941480817E-002
   5.5944000000000008E-002   7.4534674885414515E-002
   5.6943000000000007E-002   7.6117169947866076E-002
   5.7942000000000007E-002   7.7672634457204695E-002
   5.8941000000000007E-002   7.9200616695864257E-002
   5.9940000000000007E-002   8.0700670261577831E-002
   6.0939000000000007E-002   8.2172359034875866E-002
   6.1938000000000007E-002   8.3615261697925866E-002
   6.2937000000000007E-002   8.5028975772800330E-002
   6.3936000000000007E-002   8.6413121165550680E-002
   6.4935000000000007E-002   8.7767343216718627E-002
   6.5934000000000006E-002   8.9091315269821697E-002
   6.6933000000000006E-002   9.0384740777451053E-002
   6.7932000000000006E-002   9.1647354970413042E-002
   6.8931000000000006E-002   9.2878926119280128E-002
   6.9930000000000006E-002   9.4079256420123603E-002
   7.0929000000000006E-002   9.5248182537420789E-002
   7.1928000000000006E-002   9.6385575837395751E-002
   7.2927000000000006E-002   9.7491342344610599E-002
   7.3926000000000006E-002   9.8565422453619086E-002
   7.4925000000000005E-002   9.9607790426108150E-002
   7.5924000000000005E-002  0.10061845370228281     
   7.6923000000000005E-002  0.10159745205339091     
   7.7922000000000005E-002  0.10254485660034594     
   7.8921000000000005E-002  0.10346076872139268     
   7.9920000000000005E-002  0.10434531886978080     
   8.0919000000000005E-002  0.10519866532045627     
   8.1918000000000005E-002  0.10602099286289192     
   8.2917000000000005E-002  0.10681251145538691     
   8.3916000000000004E-002  0.10757345485445902     
   8.4915000000000004E-002  0.10830407923136645     
   8.5914000000000004E-002  0.10900466178630953     
   8.6913000000000004E-002  0.10967549936949987     
   8.7912000000000004E-002  0.11031690711702297     
   8.8911000000000004E-002  0.11092921710827545     
   8.9910000000000004E-002  0.11151277705071622     
   9.0909000000000004E-002  0.11206794899672384     
   9.1908000000000004E-002  0.11259510809650665     
   9.2907000000000003E-002  0.11309464139025495     
   9.3906000000000003E-002  0.11356694664204064     
   9.4905000000000003E-002  0.11401243121737294     
   9.5904000000000017E-002  0.11443151100578725     
   9.6903000000000017E-002  0.11482460938937548     
   9.7902000000000017E-002  0.11519215625776701     
   9.8901000000000017E-002  0.11553458706969549     
   9.9900000000000017E-002  0.11585234196100812     
  0.10089900000000002       0.11614586489869290     
  0.10189800000000002       0.11641560288027872     
  0.10289700000000002       0.11666200517778656     
  0.10389600000000002       0.11688552262524206     
  0.10489500000000002       0.11708660694864198     
  0.10589400000000002       0.11726571013715410     
  0.10689300000000002       0.11742328385426014     
  0.10789200000000002       0.11755977888748012     
  0.10889100000000002       0.11767564463528388     
  0.10989000000000002       0.11777132862974339     
  0.11088900000000002       0.11784727609349728     
  0.11188800000000002       0.11790392952955396     
  0.11288700000000002       0.11794172834249537     
  0.11388600000000001       0.11796110848964042     
  0.11488500000000001       0.11796250216074119     
  0.11588400000000001       0.11794633748482559     
  0.11688300000000001       0.11791303826281309     
  0.11788200000000001       0.11786302372457608     
  0.11888100000000001       0.11779670830914328     
  0.11988000000000001       0.11771450146679729     
  0.12087900000000001       0.11761680748183585     
  0.12187800000000001       0.11750402531483403     
  0.12287700000000001       0.11737654846327229     
  0.12387600000000001       0.11723476483942825     
  0.12487500000000001       0.11707905666451468     
  0.12587400000000001       0.11690980037803239     
  0.12687300000000001       0.11672736656140011     
  0.12787200000000001       0.11653211987494227     
  0.12887100000000001       0.11632441900735009     
  0.12987000000000001       0.11610461663680099     
  0.13086900000000001       0.11587305940293260     
  0.13186800000000001       0.11563008788891836     
  0.13286700000000001       0.11537603661293830     
  0.13386600000000001       0.11511123402835782     
  0.13486500000000001       0.11483600253197651     
  0.13586400000000001       0.11455065847973746     
  0.13686300000000001       0.11425551220932172     
  0.13786200000000001       0.11395086806908157     
  0.13886100000000001       0.11363702445280721     
  0.13986000000000001       0.11331427383983307     
  0.14085900000000001       0.11298290284002935     
  0.14185800000000001       0.11264319224326037     
  0.14285700000000001       0.11229541707288572     
  0.14385600000000001       0.11193984664294296     
  0.14485500000000001       0.11157674461864352     
  0.14585400000000001       0.11120636907985192     
  0.14685300000000001       0.11082897258723252     
  0.14785200000000001       0.11044480225077155     
  0.14885100000000001       0.11005409980039429     
  0.14985000000000001       0.10965710165842990     
  0.15084900000000001       0.10925403901367013     
  0.15184800000000001       0.10884513789680952     
  0.15284700000000001       0.10843061925705141     
  0.15384600000000001       0.10801069903968546     
  0.15484500000000001       0.10758558826445720     
  0.15584400000000001       0.10715549310456066     
  0.15684300000000001       0.10672061496609440     
  0.15784200000000001       0.10628115056784344     
  0.15884100000000001       0.10583729202124322     
  0.15984000000000001       0.10538922691040889     
  0.16083900000000001       0.10493713837210943     
  0.16183800000000001       0.10448120517558908     
  0.16283700000000001       0.10402160180213013     
  0.16383600000000001       0.10355849852426988     
  0.16483500000000001       0.10309206148459509     
  0.16583400000000001       0.10262245277403297     
  0.16683300000000001       0.10214983050957288     
  0.16783200000000001       0.10167434891135504     
  0.16883100000000001       0.10119615837907371     
  0.16983000000000001       0.10071540556763710     
  0.17082900000000001       0.10023223346204532     
  0.17182800000000001        9.9746781451437408E-002
  0.17282700000000001        9.9259185402279015E-002
  0.17382600000000001        9.8769577730650301E-002
  0.17482500000000001        9.8278087473608083E-002
  0.17582400000000001        9.7784840359597752E-002
  0.17682300000000001        9.7289958877893309E-002
  0.17782200000000001        9.6793562347041645E-002
  0.17882100000000001        9.6295766982302258E-002
  0.17982000000000001        9.5796685962062728E-002
  0.18081900000000001        9.5296429493221771E-002
  0.18181800000000001        9.4795104875533123E-002
  0.18281700000000001        9.4292816564898740E-002
  0.18381600000000001        9.3789666235612093E-002
  0.18481500000000001        9.3285752841545305E-002
  0.18581400000000001        9.2781172676279958E-002
  0.18681300000000001        9.2276019432185066E-002
  0.18781200000000001        9.1770384258438059E-002
  0.18881100000000001        9.1264355817998896E-002
  0.18981000000000001        9.0758020343536513E-002
  0.19080900000000001        9.0251461692317653E-002
  0.19180800000000003        8.9744761400059284E-002
  0.19280700000000003        8.9237998733760079E-002
  0.19380600000000003        8.8731250743508461E-002
  0.19480500000000003        8.8224592313288053E-002
  0.19580400000000003        8.7718096210782595E-002
  0.19680300000000003        8.7211833136191977E-002
  0.19780200000000003        8.6705871770073009E-002
  0.19880100000000003        8.6200278820215179E-002
  0.19980000000000003        8.5695119067560083E-002
  0.20079900000000003        8.5190455411184196E-002
  0.20179800000000003        8.4686348912348261E-002
  0.20279700000000003        8.4182858837635627E-002
  0.20379600000000003        8.3680042701184398E-002
  0.20479500000000003        8.3177956306033918E-002
  0.20579400000000003        8.2676653784592491E-002
  0.20679300000000003        8.2176187638246481E-002
  0.20779200000000003        8.1676608776119472E-002
  0.20879100000000003        8.1177966552997763E-002
  0.20979000000000003        8.0680308806437950E-002
  0.21078900000000003        8.0183681893064213E-002
  0.21178800000000003        7.9688130724078543E-002
  0.21278700000000003        7.9193698799988527E-002
  0.21378600000000003        7.8700428244573697E-002
  0.21478500000000003        7.8208359838101302E-002
  0.21578400000000003        7.7717533049805235E-002
  0.21678300000000003        7.7227986069642179E-002
  0.21778200000000003        7.6739755839340021E-002
  0.21878100000000003        7.6252878082749720E-002
  0.21978000000000003        7.5767387335515954E-002
  0.22077900000000003        7.5283316974079820E-002
  0.22177800000000003        7.4800699244023286E-002
  0.22277700000000003        7.4319565287778236E-002
  0.22377600000000003        7.3839945171695925E-002
  0.22477500000000003        7.3361867912510439E-002
  0.22577400000000003        7.2885361503190679E-002
  0.22677300000000003        7.2410452938204153E-002
  0.22777200000000003        7.1937168238200899E-002
  0.22877100000000003        7.1465532474130247E-002
  0.22977000000000003        7.0995569790801225E-002
  0.23076900000000003        7.0527303429902266E-002
  0.23176800000000003        7.0060755752484452E-002
  0.23276700000000003        6.9595948260929810E-002
  0.23376600000000003        6.9132901620403933E-002
  0.23476500000000003        6.8671635679815990E-002
  0.23576400000000003        6.8212169492286118E-002
  0.23676300000000003        6.7754521335139886E-002
  0.23776200000000003        6.7298708729433596E-002
  0.23876100000000003        6.6844748459024342E-002
  0.23976000000000003        6.6392656589193189E-002
  0.24075900000000003        6.5942448484832106E-002
  0.24175800000000003        6.5494138828205775E-002
  0.24275700000000003        6.5047741636293593E-002
  0.24375600000000003        6.4603270277725403E-002
  0.24475500000000003        6.4160737489318539E-002
  0.24575400000000003        6.3720155392225128E-002
  0.24675300000000003        6.3281535507697842E-002
  0.24775200000000003        6.2844888772483190E-002
  0.24875100000000003        6.2410225553852915E-002
  0.24975000000000003        6.1977555664277317E-002
  0.25074900000000000        6.1546888375752826E-002
  0.25174800000000003        6.1118232433788132E-002
  0.25274700000000000        6.0691596071061504E-002
  0.25374600000000003        6.0266987020750847E-002
  0.25474500000000000        5.9844412529549848E-002
  0.25574400000000003        5.9423879370371101E-002
  0.25674300000000005        5.9005393854751328E-002
  0.25774200000000003        5.8588961844958064E-002
  0.25874100000000005        5.8174588765808513E-002
  0.25974000000000003        5.7762279616208147E-002
  0.26073900000000005        5.7352038980412169E-002
  0.26173800000000003        5.6943871039018358E-002
  0.26273700000000005        5.6537779579699007E-002
  0.26373600000000003        5.6133768007674778E-002
  0.26473500000000005        5.5731839355938027E-002
  0.26573400000000003        5.5331996295232624E-002
  0.26673300000000005        5.4934241143793722E-002
  0.26773200000000003        5.4538575876854872E-002
  0.26873100000000005        5.4145002135927545E-002
  0.26973000000000003        5.3753521237856393E-002
  0.27072900000000005        5.3364134183659886E-002
  0.27172800000000003        5.2976841667156237E-002
  0.27272700000000005        5.2591644083383945E-002
  0.27372600000000002        5.2208541536819100E-002
  0.27472500000000005        5.1827533849394841E-002
  0.27572400000000002        5.1448620568329093E-002
  0.27672300000000005        5.1071800973762217E-002
  0.27772200000000002        5.0697074086213073E-002
  0.27872100000000005        5.0324438673852279E-002
  0.27972000000000002        4.9953893259603512E-002
  0.28071900000000005        4.9585436128071599E-002
  0.28171800000000002        4.9219065332303379E-002
  0.28271700000000005        4.8854778700386389E-002
  0.28371600000000002        4.8492573841887383E-002
  0.28471500000000005        4.8132448154135622E-002
  0.28571400000000002        4.7774398828354540E-002
  0.28671300000000005        4.7418422855643877E-002
  0.28771200000000002        4.7064517032819081E-002
  0.28871100000000005        4.6712677968106804E-002
  0.28971000000000002        4.6362902086705349E-002
  0.29070900000000005        4.6015185636207080E-002
  0.29170800000000002        4.5669524691892484E-002
  0.29270700000000005        4.5325915161893333E-002
  0.29370600000000002        4.4984352792231959E-002
  0.29470500000000005        4.4644833171737099E-002
  0.29570400000000002        4.4307351736841409E-002
  0.29670300000000005        4.3971903776261458E-002
  0.29770200000000002        4.3638484435563174E-002
  0.29870100000000005        4.3307088721618585E-002
  0.29970000000000002        4.2977711506950823E-002
  0.30069900000000005        4.2650347533975570E-002
  0.30169800000000002        4.2324991419138140E-002
  0.30269700000000005        4.2001637656949017E-002
  0.30369600000000002        4.1680280623921977E-002
  0.30469500000000005        4.1360914582415240E-002
  0.30569400000000002        4.1043533684378304E-002
  0.30669300000000005        4.0728131975008457E-002
  0.30769200000000002        4.0414703396315504E-002
  0.30869100000000005        4.0103241790601270E-002
  0.30969000000000002        3.9793740903852452E-002
  0.31068900000000005        3.9486194389050391E-002
  0.31168800000000002        3.9180595809400101E-002
  0.31268700000000005        3.8876938641478398E-002
  0.31368600000000002        3.8575216278306700E-002
  0.31468500000000005        3.8275422032345650E-002
  0.31568400000000002        3.7977549138418387E-002
  0.31668300000000005        3.7681590756559219E-002
  0.31768200000000002        3.7387539974793896E-002
  0.31868100000000005        3.7095389811850239E-002
  0.31968000000000002        3.6805133219801438E-002
  0.32067900000000005        3.6516763086644297E-002
  0.32167800000000002        3.6230272238813234E-002
  0.32267700000000005        3.5945653443632472E-002
  0.32367600000000002        3.5662899411706077E-002
  0.32467500000000005        3.5382002799250127E-002
  0.32567400000000002        3.5102956210364682E-002
  0.32667300000000005        3.4825752199251367E-002
  0.32767200000000002        3.4550383272373864E-002
  0.32867100000000005        3.4276841890565027E-002
  0.32967000000000002        3.4005120471081479E-002
  0.33066900000000005        3.3735211389606168E-002
  0.33166800000000002        3.3467106982200664E-002
  0.33266700000000005        3.3200799547209496E-002
  0.33366600000000002        3.2936281347114710E-002
  0.33466500000000005        3.2673544610344787E-002
  0.33566400000000002        3.2412581533038533E-002
  0.33666300000000005        3.2153384280762802E-002
  0.33766200000000002        3.1895944990187761E-002
  0.33866100000000005        3.1640255770719598E-002
  0.33966000000000002        3.1386308706091458E-002
  0.34065900000000005        3.1134095855914094E-002
  0.34165800000000002        3.0883609257186827E-002
  0.34265700000000004        3.0634840925770651E-002
  0.34365600000000002        3.0387782857822190E-002
  0.34465500000000004        3.0142427031192714E-002
  0.34565400000000002        2.9898765406789478E-002
  0.34665300000000004        2.9656789929904347E-002
  0.34765200000000002        2.9416492531504974E-002
  0.34865100000000004        2.9177865129496328E-002
  0.34965000000000002        2.8940899629946115E-002
  0.35064900000000004        2.8705587928281845E-002
  0.35164800000000002        2.8471921910453182E-002
  0.35264700000000004        2.8239893454067556E-002
  0.35364600000000002        2.8009494429493624E-002
  0.35464500000000004        2.7780716700936951E-002
  0.35564400000000002        2.7553552127487911E-002
  0.35664300000000004        2.7327992564140799E-002
  0.35764200000000002        2.7104029862787135E-002
  0.35864100000000004        2.6881655873182732E-002
  0.35964000000000002        2.6660862443888451E-002
  0.36063900000000004        2.6441641423187185E-002
  0.36163800000000001        2.6223984659975195E-002
  0.36263700000000004        2.6007884004630295E-002
  0.36363600000000001        2.5793331309857261E-002
  0.36463500000000004        2.5580318431509583E-002
  0.36563400000000001        2.5368837229390217E-002
  0.36663300000000004        2.5158879568029674E-002
  0.36763200000000001        2.4950437317443890E-002
  0.36863100000000004        2.4743502353871440E-002
  0.36963000000000001        2.4538066560490127E-002
  0.37062900000000004        2.4334121828114667E-002
  0.37162800000000001        2.4131660055874977E-002
  0.37262700000000004        2.3930673151875564E-002
  0.37362600000000001        2.3731153033837736E-002
  0.37462500000000004        2.3533091629722613E-002
  0.37562400000000001        2.3336480878337947E-002
  0.37662300000000004        2.3141312729927716E-002
  0.37762200000000001        2.2947579146745140E-002
  0.37862100000000004        2.2755272103609447E-002
  0.37962000000000001        2.2564383588447628E-002
  0.38061900000000004        2.2374905602819996E-002
  0.38161800000000001        2.2186830162431441E-002
  0.38261700000000004        2.2000149297627811E-002
  0.38361600000000007        2.1814855053878365E-002
  0.38461500000000004        2.1630939492243755E-002
  0.38561400000000007        2.1448394689831198E-002
  0.38661300000000004        2.1267212740236185E-002
  0.38761200000000007        2.1087385753970851E-002
  0.38861100000000004        2.0908905858880437E-002
  0.38961000000000007        2.0731765200547331E-002
  0.39060900000000004        2.0555955942682856E-002
  0.39160800000000007        2.0381470267507501E-002
  0.39260700000000004        2.0208300376120203E-002
  0.39360600000000007        2.0036438488856050E-002
  0.39460500000000004        1.9865876845633276E-002
  0.39560400000000007        1.9696607706289893E-002
  0.39660300000000004        1.9528623350909682E-002
  0.39760200000000007        1.9361916080138555E-002
  0.39860100000000004        1.9196478215491034E-002
  0.39960000000000007        1.9032302099646795E-002
  0.40059900000000004        1.8869380096738487E-002
  0.40159800000000007        1.8707704592630166E-002
  0.40259700000000004        1.8547267995186918E-002
  0.40359600000000007        1.8388062734535800E-002
  0.40459500000000004        1.8230081263318449E-002
  0.40559400000000007        1.8073316056935775E-002
  0.40659300000000004        1.7917759613784112E-002
  0.40759200000000007        1.7763404455483908E-002
  0.40859100000000004        1.7610243127100828E-002
  0.40959000000000007        1.7458268197359676E-002
  0.41058900000000004        1.7307472258850317E-002
  0.41158800000000006        1.7157847928227516E-002
  0.41258700000000004        1.7009387846403472E-002
  0.41358600000000006        1.6862084678733673E-002
  0.41458500000000004        1.6715931115196210E-002
  0.41558400000000006        1.6570919870565099E-002
  0.41658300000000004        1.6427043684577019E-002
  0.41758200000000006        1.6284295322092284E-002
  0.41858100000000004        1.6142667573249888E-002
  0.41958000000000006        1.6002153253616702E-002
  0.42057900000000004        1.5862745204331698E-002
  0.42157800000000006        1.5724436292243533E-002
  0.42257700000000004        1.5587219410044567E-002
  0.42357600000000006        1.5451087476398081E-002
  0.42457500000000004        1.5316033436061778E-002
  0.42557400000000006        1.5182050260005409E-002
  0.42657300000000004        1.5049130945524604E-002
  0.42757200000000006        1.4917268516349358E-002
  0.42857100000000004        1.4786456022748019E-002
  0.42957000000000006        1.4656686541627880E-002
  0.43056900000000004        1.4527953176630210E-002
  0.43156800000000006        1.4400249058221778E-002
  0.43256700000000003        1.4273567343782713E-002
  0.43356600000000006        1.4147901217689506E-002
  0.43456500000000003        1.4023243891395039E-002
  0.43556400000000006        1.3899588603504523E-002
  0.43656300000000003        1.3776928619847979E-002
  0.43756200000000006        1.3655257233548676E-002
  0.43856100000000003        1.3534567765089081E-002
  0.43956000000000006        1.3414853562372634E-002
  0.44055900000000003        1.3296108000782880E-002
  0.44155800000000006        1.3178324483238885E-002
  0.44255700000000003        1.3061496440248281E-002
  0.44355600000000006        1.2945617329956579E-002
  0.44455500000000003        1.2830680638194316E-002
  0.44555400000000006        1.2716679878520678E-002
  0.44655300000000003        1.2603608592265135E-002
  0.44755200000000006        1.2491460348565754E-002
  0.44855100000000003        1.2380228744405393E-002
  0.44955000000000006        1.2269907404645166E-002
  0.45054900000000003        1.2160489982055340E-002
  0.45154800000000006        1.2051970157344303E-002
  0.45254700000000003        1.1944341639184775E-002
  0.45354600000000006        1.1837598164238084E-002
  0.45454500000000003        1.1731733497176006E-002
  0.45554400000000006        1.1626741430700877E-002
  0.45654300000000003        1.1522615785563203E-002
  0.45754200000000006        1.1419350410577615E-002
  0.45854100000000003        1.1316939182636789E-002
  0.45954000000000006        1.1215376006723477E-002
  0.46053900000000003        1.1114654815920687E-002
  0.46153800000000006        1.1014769571420110E-002
  0.46253700000000003        1.0915714262529042E-002
  0.46353600000000006        1.0817482906675264E-002
  0.46453500000000003        1.0720069549410611E-002
  0.46553400000000006        1.0623468264412775E-002
  0.46653300000000003        1.0527673153485897E-002
  0.46753200000000006        1.0432678346559187E-002
  0.46853100000000003        1.0338478001684597E-002
  0.46953000000000006        1.0245066305032880E-002
  0.47052900000000003        1.0152437470888282E-002
  0.47152800000000006        1.0060585741641998E-002
  0.47252700000000003        9.9695053877844816E-003
  0.47352600000000006        9.8791907078961596E-003
  0.47452500000000003        9.7896360286373971E-003
  0.47552400000000006        9.7008357047370288E-003
  0.47652300000000003        9.6127841189798807E-003
  0.47752200000000006        9.5254756821931911E-003
  0.47852100000000003        9.4389048332318738E-003
  0.47952000000000006        9.3530660389631280E-003
  0.48051900000000003        9.2679537942494377E-003
  0.48151800000000006        9.1835626219313078E-003
  0.48251700000000003        9.0998870728085761E-003
  0.48351600000000006        9.0169217256210830E-003
  0.48451500000000003        8.9346611870282974E-003
  0.48551400000000006        8.8531000915882899E-003
  0.48651300000000003        8.7722331017357335E-003
  0.48751200000000006        8.6920549077591797E-003
  0.48851100000000003        8.6125602277776440E-003
  0.48951000000000006        8.5337438077162358E-003
  0.49050900000000003        8.4556004212812674E-003
  0.49150800000000006        8.3781248699346424E-003
  0.49250700000000003        8.3013119828673904E-003
  0.49350600000000006        8.2251566169728261E-003
  0.49450500000000003        8.1496536568187380E-003
  0.49550400000000006        8.0747980146194300E-003
  0.49650300000000003        8.0005846302065378E-003
  0.49750200000000006        7.9270084709998270E-003
  0.49850100000000003        7.8540645319771767E-003
  0.49950000000000006        7.7817478356439424E-003
  0.50049900000000003        7.7100534320019513E-003
  0.50149800000000000        7.6389763985179179E-003
  0.50249700000000008        7.5685118400913645E-003
  0.50349600000000005        7.4986548890219815E-003
  0.50449500000000003        7.4294007049766457E-003
  0.50549400000000000        7.3607444749558956E-003
  0.50649300000000008        7.2926814132598322E-003
  0.50749200000000005        7.2252067614538918E-003
  0.50849100000000003        7.1583157883340284E-003
  0.50949000000000000        7.0920037898911737E-003
  0.51048900000000008        7.0262660892759518E-003
  0.51148800000000005        6.9610980367623776E-003
  0.51248700000000003        6.8964950097115440E-003
  0.51348600000000011        6.8324524125347123E-003
  0.51448500000000008        6.7689656766560611E-003
  0.51548400000000005        6.7060302604754441E-003
  0.51648300000000003        6.6436416493300633E-003
  0.51748200000000011        6.5817953554564356E-003
  0.51848100000000008        6.5204869179517717E-003
  0.51948000000000005        6.4597119027349379E-003
  0.52047900000000002        6.3994659025072712E-003
  0.52147800000000011        6.3397445367129063E-003
  0.52247700000000008        6.2805434514988578E-003
  0.52347600000000005        6.2218583196747860E-003
  0.52447500000000002        6.1636848406723824E-003
  0.52547400000000011        6.1060187405045157E-003
  0.52647300000000008        6.0488557717240810E-003
  0.52747200000000005        5.9921917133823810E-003
  0.52847100000000002        5.9360223709874638E-003
  0.52947000000000011        5.8803435764618736E-003
  0.53046900000000008        5.8251511881003918E-003
  0.53146800000000005        5.7704410905271624E-003
  0.53246700000000002        5.7162091946528137E-003
  0.53346600000000011        5.6624514376310778E-003
  0.53446500000000008        5.6091637828151767E-003
  0.53546400000000005        5.5563422197139421E-003
  0.53646300000000002        5.5039827639476405E-003
  0.53746200000000011        5.4520814572033135E-003
  0.53846100000000008        5.4006343671901070E-003
  0.53946000000000005        5.3496375875941140E-003
  0.54045900000000002        5.2990872380329502E-003
  0.54145800000000011        5.2489794640099346E-003
  0.54245700000000008        5.1993104368682165E-003
  0.54345600000000005        5.1500763537442578E-003
  0.54445500000000002        5.1012734375212917E-003
  0.54545400000000011        5.0528979367822045E-003
  0.54645300000000008        5.0049461257623612E-003
  0.54745200000000005        4.9574143043018401E-003
  0.54845100000000002        4.9102987977975862E-003
  0.54945000000000010        4.8635959571550454E-003
  0.55044900000000008        4.8173021587395110E-003
  0.55144800000000005        4.7714138043272111E-003
  0.55244700000000002        4.7259273210559314E-003
  0.55344600000000010        4.6808391613753688E-003
  0.55444500000000008        4.6361458029970755E-003
  0.55544400000000005        4.5918437488441186E-003
  0.55644300000000002        4.5479295270002308E-003
  0.55744200000000010        4.5043996906587135E-003
  0.55844100000000008        4.4612508180709842E-003
  0.55944000000000005        4.4184795124945506E-003
  0.56043900000000002        4.3760824021408483E-003
  0.56143800000000010        4.3340561401224338E-003
  0.56243700000000008        4.2923974044000038E-003
  0.56343600000000005        4.2511028977287755E-003
  0.56443500000000002        4.2101693476045967E-003
  0.56543400000000010        4.1695935062096628E-003
  0.56643300000000008        4.1293721503576465E-003
  0.56743200000000005        4.0895020814384888E-003
  0.56843100000000002        4.0499801253627678E-003
  0.56943000000000010        4.0108031325055138E-003
  0.57042900000000007        3.9719679776496564E-003
  0.57142800000000005        3.9334715599289201E-003
  0.57242700000000002        3.8953108027703362E-003
  0.57342600000000010        3.8574826538361642E-003
  0.57442500000000007        3.8199840849654039E-003
  0.57542400000000005        3.7828120921147242E-003
  0.57642300000000002        3.7459636952989514E-003
  0.57742200000000010        3.7094359385309653E-003
  0.57842100000000007        3.6732258897611662E-003
  0.57942000000000005        3.6373306408163464E-003
  0.58041900000000002        3.6017473073378810E-003
  0.58141800000000010        3.5664730287196726E-003
  0.58241700000000007        3.5315049680452251E-003
  0.58341600000000005        3.4968403120243471E-003
  0.58441500000000002        3.4624762709291328E-003
  0.58541400000000010        3.4284100785294666E-003
  0.58641300000000007        3.3946389920278758E-003
  0.58741200000000005        3.3611602919937037E-003
  0.58841100000000002        3.3279712822968099E-003
  0.58941000000000010        3.2950692900405444E-003
  0.59040900000000007        3.2624516654940882E-003
  0.59140800000000004        3.2301157820241659E-003
  0.59240700000000002        3.1980590360261396E-003
  0.59340600000000010        3.1662788468543234E-003
  0.59440500000000007        3.1347726567517971E-003
  0.59540400000000004        3.1035379307793333E-003
  0.59640300000000002        3.0725721567438180E-003
  0.59740200000000010        3.0418728451258449E-003
  0.59840100000000007        3.0114375290066610E-003
  0.59940000000000004        2.9812637639943518E-003
  0.60039900000000002        2.9513491281493273E-003
  0.60139800000000010        2.9216912219090737E-003
  0.60239700000000007        2.8922876680121021E-003
  0.60339600000000004        2.8631361114212191E-003
  0.60439500000000002        2.8342342192459800E-003
  0.60539400000000010        2.8055796806643581E-003
  0.60639300000000007        2.7771702068437091E-003
  0.60739200000000004        2.7490035308608109E-003
  0.60839100000000002        2.7210774076212355E-003
  0.60939000000000010        2.6933896137778398E-003
  0.61038900000000007        2.6659379476484386E-003
  0.61138800000000004        2.6387202291326753E-003
  0.61238700000000001        2.6117342996280521E-003
  0.61338600000000010        2.5849780219451080E-003
  0.61438500000000007        2.5584492802217542E-003
  0.61538400000000004        2.5321459798367317E-003
  0.61638300000000001        2.5060660473222359E-003
  0.61738200000000010        2.4802074302756479E-003
  0.61838100000000007        2.4545680972703661E-003
  0.61938000000000004        2.4291460377657932E-003
  0.62037900000000001        2.4039392620163664E-003
  0.62137800000000010        2.3789458009797404E-003
  0.62237700000000007        2.3541637062240227E-003
  0.62337600000000004        2.3295910498341158E-003
  0.62437500000000001        2.3052259243171269E-003
  0.62537400000000010        2.2810664425068007E-003
  0.62637300000000007        2.2571107374671144E-003
  0.62737200000000004        2.2333569623948302E-003
  0.62837100000000001        2.2098032905211824E-003
  0.62937000000000010        2.1864479150125070E-003
  0.63036900000000007        2.1632890488700270E-003
  0.63136800000000004        2.1403249248286146E-003
  0.63236700000000001        2.1175537952545335E-003
  0.63336600000000010        2.0949739320423135E-003
  0.63436500000000007        2.0725836265105759E-003
  0.63536400000000004        2.0503811892968824E-003
  0.63636300000000001        2.0283649502515861E-003
  0.63736200000000010        2.0065332583307392E-003
  0.63836100000000007        1.9848844814879568E-003
  0.63936000000000004        1.9634170065652812E-003
  0.64035900000000012        1.9421292391831040E-003
  0.64135800000000009        1.9210196036289801E-003
  0.64235700000000007        1.9000865427455521E-003
  0.64335600000000004        1.8793285178173671E-003
  0.64435500000000012        1.8587440084567185E-003
  0.64535400000000009        1.8383315124885400E-003
  0.64635300000000007        1.8180895458341478E-003
  0.64735200000000004        1.7980166423940788E-003
  0.64835100000000012        1.7781113539298836E-003
  0.64935000000000009        1.7583722499448888E-003
  0.65034900000000007        1.7387979175639381E-003
  0.65134800000000004        1.7193869614121565E-003
  0.65234700000000012        1.7001380034926640E-003
  0.65334600000000009        1.6810496830632867E-003
  0.65434500000000007        1.6621206565122330E-003
  0.65534400000000004        1.6433495972328072E-003
  0.65634300000000012        1.6247351954970686E-003
  0.65734200000000009        1.6062761583285081E-003
  0.65834100000000007        1.5879712093737034E-003
  0.65934000000000004        1.5698190887729886E-003
  0.66033900000000012        1.5518185530301245E-003
  0.66133800000000009        1.5339683748809597E-003
  0.66233700000000006        1.5162673431611275E-003
  0.66333600000000004        1.4987142626727316E-003
  0.66433500000000012        1.4813079540500677E-003
  0.66533400000000009        1.4640472536243828E-003
  0.66633300000000006        1.4469310132876236E-003
  0.66733200000000004        1.4299581003552754E-003
  0.66833100000000012        1.4131273974282109E-003
  0.66933000000000009        1.3964378022536046E-003
  0.67032900000000006        1.3798882275848927E-003
  0.67132800000000004        1.3634776010408231E-003
  0.67232700000000012        1.3472048649635572E-003
  0.67332600000000009        1.3310689762758700E-003
  0.67432500000000006        1.3150689063374330E-003
  0.67532400000000004        1.2992036408002131E-003
  0.67632300000000012        1.2834721794629730E-003
  0.67732200000000009        1.2678735361248983E-003
  0.67832100000000006        1.2524067384383595E-003
  0.67932000000000003        1.2370708277608124E-003
  0.68031900000000012        1.2218648590058743E-003
  0.68131800000000009        1.2067879004935458E-003
  0.68231700000000006        1.1918390337996112E-003
  0.68331600000000003        1.1770173536042787E-003
  0.68431500000000012        1.1623219675399692E-003
  0.68531400000000009        1.1477519960383588E-003
  0.68631300000000006        1.1333065721766617E-003
  0.68731200000000003        1.1189848415231437E-003
  0.68831100000000012        1.1047859619819117E-003
  0.68931000000000009        1.0907091036370031E-003
  0.69030900000000006        1.0767534485957332E-003
  0.69130800000000003        1.0629181908313713E-003
  0.69230700000000012        1.0492025360251888E-003
  0.69330600000000009        1.0356057014077780E-003
  0.69430500000000006        1.0221269155998194E-003
  0.69530400000000003        1.0087654184521592E-003
  0.69630300000000012        9.9552046088531533E-004
  0.69730200000000009        9.8239130472844950E-004
  0.69830100000000006        9.6937722255771076E-004
  0.69930000000000003        9.5647749753407271E-004
  0.70029900000000012        9.4369142324064628E-004
  0.70129800000000009        9.3101830351949061E-004
  0.70229700000000006        9.1845745230795793E-004
  0.70329600000000003        9.0600819347456084E-004
  0.70429500000000012        8.9366986065440922E-004
  0.70529400000000009        8.8144179708426085E-004
  0.70629300000000006        8.6932335543712122E-004
  0.70729200000000003        8.5731389765653597E-004
  0.70829100000000011        8.4541279479050774E-004
  0.70929000000000009        8.3361942682508685E-004
  0.71028900000000006        8.2193318251767985E-004
  0.71128800000000003        8.1035345923007214E-004
  0.71228700000000011        7.9887966276119863E-004
  0.71328600000000009        7.8751120717969643E-004
  0.71428500000000006        7.7624751465625846E-004
  0.71528400000000003        7.6508801529579862E-004
  0.71628300000000011        7.5403214696948418E-004
  0.71728200000000009        7.4307935514663639E-004
  0.71828100000000006        7.3222909272651899E-004
  0.71928000000000003        7.2148081987009004E-004
  0.72027900000000011        7.1083400383167785E-004
  0.72127800000000009        7.0028811879065177E-004
  0.72227700000000006        6.8984264568310700E-004
  0.72327600000000003        6.7949707203357229E-004
  0.72427500000000011        6.6925089178679700E-004
  0.72527400000000009        6.5910360513963141E-004
  0.72627300000000006        6.4905471837299643E-004
  0.72727200000000003        6.3910374368405696E-004
  0.72827100000000011        6.2925019901851611E-004
  0.72927000000000008        6.1949360790316155E-004
  0.73026900000000006        6.0983349927860690E-004
  0.73126800000000003        6.0026940733232538E-004
  0.73226700000000011        5.9080087133195954E-004
  0.73326600000000008        5.8142743545896460E-004
  0.73426500000000006        5.7214864864258872E-004
  0.73526400000000003        5.6296406439424341E-004
  0.73626300000000011        5.5387324064227735E-004
  0.73726200000000008        5.4487573956720577E-004
  0.73826100000000006        5.3597112743737781E-004
  0.73926000000000003        5.2715897444517148E-004
  0.74025900000000011        5.1843885454370541E-004
  0.74125800000000008        5.0981034528411301E-004
  0.74225700000000006        5.0127302765339791E-004
  0.74325600000000003        4.9282648591291789E-004
  0.74425500000000011        4.8447030743750593E-004
  0.74525400000000008        4.7620408255529326E-004
  0.74625300000000006        4.6802740438820758E-004
  0.74725200000000003        4.5993986869324188E-004
  0.74825100000000011        4.5194107370447587E-004
  0.74925000000000008        4.4403061997591126E-004
  0.75024900000000005        4.3620811022511327E-004
  0.75124800000000003        4.2847314917774412E-004
  0.75224700000000011        4.2082534341296538E-004
  0.75324600000000008        4.1326430120977088E-004
  0.75424500000000005        4.0578963239427382E-004
  0.75524400000000003        3.9840094818797067E-004
  0.75624300000000011        3.9109786105702519E-004
  0.75724200000000008        3.8387998456259102E-004
  0.75824100000000005        3.7674693321221146E-004
  0.75924000000000003        3.6969832231232484E-004
  0.76023900000000011        3.6273376782190356E-004
  0.76123800000000008        3.5585288620726939E-004
  0.76223700000000005        3.4905529429808804E-004
  0.76323600000000003        3.4234060914461274E-004
  0.76423500000000011        3.3570844787617462E-004
  0.76523400000000008        3.2915842756097037E-004
  0.76623300000000005        3.2269016506716771E-004
  0.76723200000000014        3.1630327692536793E-004
  0.76823100000000011        3.0999737919245636E-004
  0.76923000000000008        3.0377208731685687E-004
  0.77022900000000005        2.9762701600525741E-004
  0.77122800000000014        2.9156177909079207E-004
  0.77222700000000011        2.8557598940276126E-004
  0.77322600000000008        2.7966925863787552E-004
  0.77422500000000005        2.7384119723309675E-004
  0.77522400000000014        2.6809141424007776E-004
  0.77622300000000011        2.6241951720126522E-004
  0.77722200000000008        2.5682511202766196E-004
  0.77822100000000005        2.5130780287832370E-004
  0.77922000000000013        2.4586719204159084E-004
  0.78021900000000011        2.4050287981811601E-004
  0.78121800000000008        2.3521446440570454E-004
  0.78221700000000005        2.3000154178601779E-004
  0.78321600000000013        2.2486370561316792E-004
  0.78421500000000011        2.1980054710424673E-004
  0.78521400000000008        2.1481165493182614E-004
  0.78621300000000005        2.0989661511846004E-004
  0.78721200000000013        2.0505501093324841E-004
  0.78821100000000011        2.0028642279048582E-004
  0.78921000000000008        1.9559042815043412E-004
  0.79020900000000005        1.9096660142228281E-004
  0.79120800000000013        1.8641451386931665E-004
  0.79220700000000011        1.8193373351635232E-004
  0.79320600000000008        1.7752382505947556E-004
  0.79420500000000005        1.7318434977813880E-004
  0.79520400000000013        1.6891486544965510E-004
  0.79620300000000011        1.6471492626615042E-004
  0.79720200000000008        1.6058408275400763E-004
  0.79820100000000005        1.5652188169586897E-004
  0.79920000000000013        1.5252786605524546E-004
  0.80019900000000010        1.4860157490378091E-004
  0.80119800000000008        1.4474254335123757E-004
  0.80219700000000005        1.4095030247824860E-004
  0.80319600000000013        1.3722437927191081E-004
  0.80419500000000010        1.3356429656426403E-004
  0.80519400000000008        1.2996957297372615E-004
  0.80619300000000005        1.2643972284955200E-004
  0.80719200000000013        1.2297425621937154E-004
  0.80819100000000010        1.1957267873988464E-004
  0.80919000000000008        1.1623449165077525E-004
  0.81018900000000005        1.1295919173192081E-004
  0.81118800000000013        1.0974627126396466E-004
  0.81218700000000010        1.0659521799233616E-004
  0.81318600000000008        1.0350551509478196E-004
  0.81418500000000005        1.0047664115250013E-004
  0.81518400000000013        9.7508070124951312E-005
  0.81618300000000010        9.4599271328431287E-005
  0.81718200000000007        9.1749709418489494E-005
  0.81818100000000005        8.8958844376283775E-005
  0.81918000000000013        8.6226131498952729E-005
  0.82017900000000010        8.3551021394108178E-005
  0.82117800000000007        8.0932959978525753E-005
  0.82217700000000005        7.8371388481143303E-005
  0.82317600000000013        7.5865743450451978E-005
  0.82417500000000010        7.3415456766383195E-005
  0.82517400000000007        7.1019955656792937E-005
  0.82617300000000005        6.8678662718639171E-005
  0.82717200000000013        6.6390995943961030E-005
  0.82817100000000010        6.4156368750761290E-005
  0.82917000000000007        6.1974190018896912E-005
  0.83016900000000005        5.9843864131087062E-005
  0.83116800000000013        5.7764791019142275E-005
  0.83216700000000010        5.5736366215529449E-005
  0.83316600000000007        5.3757980910372717E-005
  0.83416500000000005        5.1829022014007460E-005
  0.83516400000000013        4.9948872225194255E-005
  0.83616300000000010        4.8116910105100337E-005
  0.83716200000000007        4.6332510157159433E-005
  0.83816100000000004        4.4595042912918711E-005
  0.83916000000000013        4.2903875023979414E-005
  0.84015900000000010        4.1258369360137518E-005
  0.84115800000000007        3.9657885113827477E-005
  0.84215700000000004        3.8101777910974454E-005
  0.84315600000000013        3.6589399928352159E-005
  0.84415500000000010        3.5120100017544610E-005
  0.84515400000000007        3.3693223835604204E-005
  0.84615300000000004        3.2308113982497719E-005
  0.84715200000000013        3.0964110145423798E-005
  0.84815100000000010        2.9660549250083177E-005
  0.84915000000000007        2.8396765618975730E-005
  0.85014900000000004        2.7172091136793665E-005
  0.85114800000000013        2.5985855422972528E-005
  0.85214700000000010        2.4837386011454595E-005
  0.85314600000000007        2.3726008537709374E-005
  0.85414500000000004        2.2651046933050450E-005
  0.85514400000000013        2.1611823626275095E-005
  0.85614300000000010        2.0607659752644004E-005
  0.85714200000000007        1.9637875370205672E-005
  0.85814100000000004        1.8701789683460556E-005
  0.85914000000000013        1.7798721274344519E-005
  0.86013900000000010        1.6927988340497970E-005
  0.86113800000000007        1.6088908940770753E-005
  0.86213700000000004        1.5280801247901330E-005
  0.86313600000000013        1.4502983808284739E-005
  0.86413500000000010        1.3754775808733234E-005
  0.86513400000000007        1.3035497350107985E-005
  0.86613300000000004        1.2344469727686359E-005
  0.86713200000000012        1.1681015718101839E-005
  0.86813100000000010        1.1044459872677869E-005
  0.86913000000000007        1.0434128816946964E-005
  0.87012900000000004        9.8493515561289855E-006
  0.87112800000000012        9.2894597863110095E-006
  0.87212700000000010        8.7537882110487853E-006
  0.87312600000000007        8.2416748630803862E-006
  0.87412500000000004        7.7524614308147440E-006
  0.87512400000000012        7.2854935892282918E-006
  0.87612300000000010        6.8401213347727486E-006
  0.87712200000000007        6.4156993238647305E-006
  0.87812100000000004        6.0115872144978281E-006
  0.87912000000000012        5.6271500104831127E-006
  0.88011900000000010        5.2617584077917884E-006
  0.88111800000000007        4.9147891424389754E-006
  0.88211700000000004        4.5856253393143266E-006
  0.88311600000000012        4.2736568613292971E-006
  0.88411500000000010        3.9782806582173974E-006
  0.88511400000000007        3.6989011142874706E-006
  0.88611300000000004        3.4349303943974103E-006
  0.88711200000000012        3.1857887873800672E-006
  0.88811100000000009        2.9509050461201968E-006
  0.88911000000000007        2.7297167234487298E-006
  0.89010900000000004        2.5216705029890489E-006
  0.89110800000000012        2.3262225240599045E-006
  0.89210700000000009        2.1428386997111036E-006
  0.89310600000000007        1.9709950269414812E-006
  0.89410500000000004        1.8101778881254300E-006
  0.89510400000000012        1.6598843426519146E-006
  0.89610300000000009        1.5196224077624485E-006
  0.89710200000000007        1.3889113275591119E-006
  0.89810100000000015        1.2672818291435166E-006
  0.89910000000000012        1.1542763648406073E-006
  0.90009900000000009        1.0494493394593220E-006
  0.90109800000000007        9.5236732154618486E-007
  0.90209700000000015        8.6260923759629728E-007
  0.90309600000000012        7.7976654820190695E-007
  0.90409500000000009        7.0344340514017190E-007
  0.90509400000000007        6.3325678843091847E-007
  0.90609300000000015        5.6883662243105446E-007
  0.90709200000000012        5.0982587007669439E-007
  0.90809100000000009        4.5588060443615002E-007
  0.90909000000000006        4.0667005679806488E-007
  0.91008900000000015        3.6187664058856365E-007
  0.91108800000000012        3.2119595049022822E-007
  0.91208700000000009        2.8433673622379276E-007
  0.91308600000000006        2.5102085055102028E-007
  0.91408500000000015        2.2098317116394953E-007
  0.91508400000000012        1.9397149624184224E-007
  0.91608300000000009        1.6974641358217152E-007
  0.91708200000000006        1.4808114334580504E-007
  0.91808100000000015        1.2876135459831282E-007
  0.91908000000000012        1.1158495597875878E-007
  0.92007900000000009        9.6361860983267948E-008
  0.92107800000000006        8.2913728512431987E-008
  0.92207700000000015        7.1073679497616800E-008
  0.92307600000000012        6.0685990590520886E-008
  0.92407500000000009        5.1605766070931661E-008
  0.92507400000000006        4.3698589298083233E-008
  0.92607300000000015        3.6840155199083531E-008
  0.92707200000000012        3.0915885451611958E-008
  0.92807100000000009        2.5820528175037203E-008
  0.92907000000000006        2.1457744091888709E-008
  0.93006900000000015        1.7739681257563436E-008
  0.93106800000000012        1.4586540577685183E-008
  0.93206700000000009        1.1926134436885620E-008
  0.93306600000000006        9.6934408473133408E-009
  0.93406500000000015        7.8301555872307347E-009
  0.93506400000000012        6.2842448372273880E-009
  0.93606300000000009        5.0095008315662531E-009
  0.93706200000000006        3.9651030230889088E-009
  0.93806100000000014        3.1151872103538824E-009
  0.93906000000000012        2.4284249942322624E-009
  0.94005900000000009        1.8776158175134049E-009
  0.94105800000000006        1.4392936953513656E-009
  0.94205700000000014        1.0933505674777042E-009
  0.94305600000000012        8.2267799670587168E-010
  0.94405500000000009        6.1282870485899524E-010
  0.94505400000000006        4.5169918024381533E-010
  0.94605300000000014        3.2923431438624176E-010
  0.94705200000000012        2.3715473497535653E-010
  0.94805100000000009        1.6870720259184822E-010
  0.94905000000000006        1.1843813719648754E-010
  0.95004900000000014        8.1990043336041554E-011
  0.95104800000000012        5.5920317638678482E-011
  0.95204700000000009        3.7541655456010111E-011
  0.95304600000000006        2.4783032216637797E-011
  0.95404500000000014        1.6070025351847769E-011
  0.95504400000000012        1.0223069815728453E-011
  0.95604300000000009        6.3721083461560047E-012
  0.95704200000000006        3.8860093585343624E-012
  0.95804100000000014        2.3150817478426815E-012
  0.95904000000000011        1.3450161470810879E-012
  0.96003900000000009        7.6062380756692265E-013
  0.96103800000000006        4.1782297457649881E-013
  0.96203700000000014        2.2243266919677820E-013
  0.96303600000000011        1.1446820418687669E-013
  0.96403500000000009        5.6783838635675580E-014
  0.96503400000000006        2.7067714707449551E-014
  0.96603300000000014        1.2354865071642650E-014
  0.96703200000000011        5.3786275966006785E-015
  0.96803100000000009        2.2234400251886751E-015
  0.96903000000000006        8.6840972519427090E-016
  0.97002900000000014        3.1864278143029074E-016
  0.97102800000000011        1.0913359432038646E-016
  0.97202700000000009        3.4632345102446973E-017
  0.97302600000000006        1.0097028416814186E-017
  0.97402500000000014        2.6782209639392474E-018
  0.97502400000000011        6.3901902448713478E-019
  0.97602300000000008        1.3534682488551640E-019
  0.97702200000000006        2.5055441338832710E-020
  0.97802100000000014        3.9801719695604770E-021
  0.97902000000000011        5.3082912303350133E-022
  0.98001900000000008        5.7898813722967941E-023
  0.98101800000000006        5.0033110689109810E-024
  0.98201700000000014        3.2950733317008303E-025
  0.98301600000000011        1.5764275363410929E-026
  0.98401500000000008        5.1601417232235779E-028
  0.98501400000000006        1.0711896509801989E-029
  0.98601300000000014        1.2791154561002315E-031
  0.98701200000000011        7.7334763260527433E-034
  0.98801100000000008        1.9969795407733796E-036
  0.98901000000000006        1.7464360220522939E-039
  0.99000900000000014        3.7381860445407335E-043
  0.99100800000000011        1.2250812470599643E-047
  0.99200700000000008        3.0414259548211249E-053
  0.99300600000000006        1.8932772977495388E-060
  0.99400500000000014        4.6808312763060309E-070
  0.99500400000000011        1.6675411728213992E-083
  0.99600300000000008        1.1276684051497399E-103
  0.99700200000000005        2.7620630502067190E-137
  0.99800100000000014        1.7287974066974394E-204
  0.99900000000000011        0.0000000000000000     
