   9.9900000000000010E-004   8.5390770690744953E-237
   1.9980000000000002E-003   1.2199151497680705E-117
   2.9970000000000005E-003   4.4917154200237846E-078
   3.9960000000000004E-003   2.2967392564799070E-058
   4.9950000000000003E-003   1.3867138537843571E-046
   5.9940000000000011E-003   9.2549373591520500E-039
   6.9930000000000010E-003   3.4206811720542080E-033
   7.9920000000000008E-003   4.9437877086182164E-029
   8.9910000000000007E-003   8.2644657261452581E-026
   9.9900000000000006E-003   3.0607441298336747E-023
   1.0989000000000001E-002   3.7956638715219996E-021
   1.1988000000000002E-002   2.0751207089950197E-019
   1.2987000000000002E-002   6.0490263227171742E-018
   1.3986000000000002E-002   1.0768005209845703E-016
   1.4985000000000002E-002   1.2928502956709477E-015
   1.5984000000000002E-002   1.1278493542194832E-014
   1.6983000000000002E-002   7.5671732867717573E-014
   1.7982000000000001E-002   4.0810833842922212E-013
   1.8981000000000001E-002   1.8318901150645716E-012
   1.9980000000000001E-002   7.0370221109270363E-012
   2.0979000000000001E-002   2.3659938996985553E-011
   2.1978000000000001E-002   7.0918081463873475E-011
   2.2977000000000001E-002   1.9240033250294459E-010
   2.3976000000000004E-002   4.7845637181928613E-010
   2.4975000000000004E-002   1.1022138685587938E-009
   2.5974000000000004E-002   2.3733581976491912E-009
   2.6973000000000004E-002   4.8132843307685424E-009
   2.7972000000000004E-002   9.2540432008925347E-009
   2.8971000000000004E-002   1.6961753370123226E-008
   2.9970000000000004E-002   2.9783037366413908E-008
   3.0969000000000003E-002   5.0310834398432605E-008
   3.1968000000000003E-002   8.2063907863919852E-008
   3.2967000000000003E-002   1.2967273846853114E-007
   3.3966000000000003E-002   1.9906343325572017E-007
   3.4965000000000003E-002   2.9763086585808446E-007
   3.5964000000000003E-002   4.3439249203788810E-007
   3.6963000000000003E-002   6.2011508899223863E-007
   3.7962000000000003E-002   8.6740793242277683E-007
   3.8961000000000003E-002   1.1907775122795902E-006
   3.9960000000000002E-002   1.6066406506801447E-006
   4.0959000000000002E-002   2.1332946873259691E-006
   4.1958000000000002E-002   2.7908451220612460E-006
   4.2957000000000002E-002   3.6010926598697960E-006
   4.3956000000000002E-002   4.5873829268873733E-006
   4.4955000000000002E-002   5.7744231795993127E-006
   4.5954000000000002E-002   7.1880710992839959E-006
   4.6953000000000002E-002   8.8551012550265758E-006
   4.7952000000000009E-002   1.0802955050829958E-005
   4.8951000000000008E-002   1.3059479975033370E-005
   4.9950000000000008E-002   1.5652663778906906E-005
   5.0949000000000008E-002   1.8610368863959725E-005
   5.1948000000000008E-002   2.1960071692081565E-005
   5.2947000000000008E-002   2.5728611484920856E-005
   5.3946000000000008E-002   2.9941951881221384E-005
   5.4945000000000008E-002   3.4624958601273195E-005
   5.5944000000000008E-002   3.9801195549655943E-005
   5.6943000000000007E-002   4.5492741189915559E-005
   5.7942000000000007E-002   5.1720026462146886E-005
   5.8941000000000007E-002   5.8501694997089089E-005
   5.9940000000000007E-002   6.5854485915135748E-005
   6.0939000000000007E-002   7.3793139089480632E-005
   6.1938000000000007E-002   8.2330322400807771E-005
   6.2937000000000007E-002   9.1476580215851008E-005
   6.3936000000000007E-002   1.0124030208160394E-004
   6.4935000000000007E-002   1.1162771043766727E-004
   6.5934000000000006E-002   1.2264286600706278E-004
   6.6933000000000006E-002   1.3428768942630613E-004
   6.7932000000000006E-002   1.4656199761377042E-004
   6.8931000000000006E-002   1.5946355334659163E-004
   6.9930000000000006E-002   1.7298812651583590E-004
   7.0929000000000006E-002   1.8712956555280458E-004
   7.1928000000000006E-002   2.0187987756206766E-004
   7.2927000000000006E-002   2.1722931575512543E-004
   7.3926000000000006E-002   2.3316647284905503E-004
   7.4925000000000005E-002   2.4967837917400494E-004
   7.5924000000000005E-002   2.6675060431911272E-004
   7.6923000000000005E-002   2.8436736123614375E-004
   7.7922000000000005E-002   3.0251161181169076E-004
   7.8921000000000005E-002   3.2116517301054452E-004
   7.9920000000000005E-002   3.4030882278340651E-004
   8.0919000000000005E-002   3.5992240502035492E-004
   8.1918000000000005E-002   3.7998493291644130E-004
   8.2917000000000005E-002   4.0047469019690007E-004
   8.3916000000000004E-002   4.2136932972609733E-004
   8.4915000000000004E-002   4.4264596909622756E-004
   8.5914000000000004E-002   4.6428128285870031E-004
   8.6913000000000004E-002   4.8625159112296047E-004
   8.7912000000000004E-002   5.0853294430426826E-004
   8.8911000000000004E-002   5.3110120385364216E-004
   8.9910000000000004E-002   5.5393211885004681E-004
   9.0909000000000004E-002   5.7700139837700472E-004
   9.1908000000000004E-002   6.0028477964336677E-004
   9.2907000000000003E-002   6.2375809184142224E-004
   9.3906000000000003E-002   6.4739731576470179E-004
   9.4905000000000003E-002   6.7117863923351749E-004
   9.5904000000000017E-002   6.9507850839822360E-004
   9.6903000000000017E-002   7.1907367500914643E-004
   9.7902000000000017E-002   7.4314123975793215E-004
   9.8901000000000017E-002   7.6725869180828876E-004
   9.9900000000000017E-002   7.9140394464482892E-004
  0.10089900000000002        8.1555536837723533E-004
  0.10189800000000002        8.3969181864350752E-004
  0.10289700000000002        8.6379266226076505E-004
  0.10389600000000002        8.8783779977529530E-004
  0.10489500000000002        9.1180768506525956E-004
  0.10589400000000002        9.3568334215002140E-004
  0.10689300000000002        9.5944637935956056E-004
  0.10789200000000002        9.8307900101591845E-004
  0.10889100000000002        1.0065640167764578E-003
  0.10989000000000002        1.0298848487857043E-003
  0.11088900000000002        1.0530255367791695E-003
  0.11188800000000002        1.0759707412784647E-003
  0.11288700000000002        1.0987057450128281E-003
  0.11388600000000001        1.1212164526974559E-003
  0.11488500000000001        1.1434893892942370E-003
  0.11588400000000001        1.1655116968754325E-003
  0.11688300000000001        1.1872711302057550E-003
  0.11788200000000001        1.2087560511530101E-003
  0.11888100000000001        1.2299554220323897E-003
  0.11988000000000001        1.2508587979841509E-003
  0.12087900000000001        1.2714563184793709E-003
  0.12187800000000001        1.2917386980433043E-003
  0.12287700000000001        1.3116972162809501E-003
  0.12387600000000001        1.3313237072844547E-003
  0.12487500000000001        1.3506105484973464E-003
  0.12587400000000001        1.3695506491058721E-003
  0.12687300000000001        1.3881374380233656E-003
  0.12787200000000001        1.4063648515291848E-003
  0.12887100000000001        1.4242273206195627E-003
  0.12987000000000001        1.4417197581240142E-003
  0.13086900000000001        1.4588375456368007E-003
  0.13186800000000001        1.4755765203094988E-003
  0.13286700000000001        1.4919329615473368E-003
  0.13386600000000001        1.5079035776484468E-003
  0.13486500000000001        1.5234854924222540E-003
  0.13586400000000001        1.5386762318201489E-003
  0.13686300000000001        1.5534737106088195E-003
  0.13786200000000001        1.5678762191139901E-003
  0.13886100000000001        1.5818824100597164E-003
  0.13986000000000001        1.5954912855261981E-003
  0.14085900000000001        1.6087021840466480E-003
  0.14185800000000001        1.6215147678619150E-003
  0.14285700000000001        1.6339290103493196E-003
  0.14385600000000001        1.6459451836406617E-003
  0.14485500000000001        1.6575638464424009E-003
  0.14585400000000001        1.6687858320694449E-003
  0.14685300000000001        1.6796122367027768E-003
  0.14785200000000001        1.6900444078792637E-003
  0.14885100000000001        1.7000839332212470E-003
  0.14985000000000001        1.7097326294119827E-003
  0.15084900000000001        1.7189925314219235E-003
  0.15184800000000001        1.7278658819900744E-003
  0.15284700000000001        1.7363551213633211E-003
  0.15384600000000001        1.7444628772961632E-003
  0.15484500000000001        1.7521919553121924E-003
  0.15584400000000001        1.7595453292281044E-003
  0.15684300000000001        1.7665261319402170E-003
  0.15784200000000001        1.7731376464731705E-003
  0.15884100000000001        1.7793832972893791E-003
  0.15984000000000001        1.7852666418579834E-003
  0.16083900000000001        1.7907913624810028E-003
  0.16183800000000001        1.7959612583743705E-003
  0.16283700000000001        1.8007802380010142E-003
  0.16383600000000001        1.8052523116527301E-003
  0.16483500000000001        1.8093815842775442E-003
  0.16583400000000001        1.8131722485488545E-003
  0.16683300000000001        1.8166285781722696E-003
  0.16783200000000001        1.8197549214262454E-003
  0.16883100000000001        1.8225556949321025E-003
  0.16983000000000001        1.8250353776489492E-003
  0.17082900000000001        1.8271985050891690E-003
  0.17182800000000001        1.8290496637494878E-003
  0.17282700000000001        1.8305934857532438E-003
  0.17382600000000001        1.8318346436987428E-003
  0.17482500000000001        1.8327778457091046E-003
  0.17582400000000001        1.8334278306785009E-003
  0.17682300000000001        1.8337893637101240E-003
  0.17782200000000001        1.8338672317407679E-003
  0.17882100000000001        1.8336662393472808E-003
  0.17982000000000001        1.8331912047299167E-003
  0.18081900000000001        1.8324469558678388E-003
  0.18181800000000001        1.8314383268418300E-003
  0.18281700000000001        1.8301701543195553E-003
  0.18381600000000001        1.8286472741986162E-003
  0.18481500000000001        1.8268745184026926E-003
  0.18581400000000001        1.8248567118261995E-003
  0.18681300000000001        1.8225986694229590E-003
  0.18781200000000001        1.8201051934343716E-003
  0.18881100000000001        1.8173810707526310E-003
  0.18981000000000001        1.8144310704148541E-003
  0.19080900000000001        1.8112599412236890E-003
  0.19180800000000003        1.8078724094903284E-003
  0.19280700000000003        1.8042731768959325E-003
  0.19380600000000003        1.8004669184673030E-003
  0.19480500000000003        1.7964582806630966E-003
  0.19580400000000003        1.7922518795666113E-003
  0.19680300000000003        1.7878522991815516E-003
  0.19780200000000003        1.7832640898270329E-003
  0.19880100000000003        1.7784917666283423E-003
  0.19980000000000003        1.7735398081000144E-003
  0.20079900000000003        1.7684126548177723E-003
  0.20179800000000003        1.7631147081761513E-003
  0.20279700000000003        1.7576503292285311E-003
  0.20379600000000003        1.7520238376065624E-003
  0.20479500000000003        1.7462395105158385E-003
  0.20579400000000003        1.7403015818050333E-003
  0.20679300000000003        1.7342142411055092E-003
  0.20779200000000003        1.7279816330387399E-003
  0.20879100000000003        1.7216078564887647E-003
  0.20979000000000003        1.7150969639371713E-003
  0.21078900000000003        1.7084529608579519E-003
  0.21178800000000003        1.7016798051699238E-003
  0.21278700000000003        1.6947814067442188E-003
  0.21378600000000003        1.6877616269645795E-003
  0.21478500000000003        1.6806242783382842E-003
  0.21578400000000003        1.6733731241554656E-003
  0.21678300000000003        1.6660118781947767E-003
  0.21778200000000003        1.6585442044733734E-003
  0.21878100000000003        1.6509737170392652E-003
  0.21978000000000003        1.6433039798041703E-003
  0.22077900000000003        1.6355385064149601E-003
  0.22177800000000003        1.6276807601620623E-003
  0.22277700000000003        1.6197341539230046E-003
  0.22377600000000003        1.6117020501394950E-003
  0.22477500000000003        1.6035877608265065E-003
  0.22577400000000003        1.5953945476117231E-003
  0.22677300000000003        1.5871256218039514E-003
  0.22777200000000003        1.5787841444890641E-003
  0.22877100000000003        1.5703732266520573E-003
  0.22977000000000003        1.5618959293239466E-003
  0.23076900000000003        1.5533552637521783E-003
  0.23176800000000003        1.5447541915933932E-003
  0.23276700000000003        1.5360956251272611E-003
  0.23376600000000003        1.5273824274903557E-003
  0.23476500000000003        1.5186174129288488E-003
  0.23576400000000003        1.5098033470691068E-003
  0.23676300000000003        1.5009429472050480E-003
  0.23776200000000003        1.4920388826013570E-003
  0.23876100000000003        1.4830937748115795E-003
  0.23976000000000003        1.4741101980102326E-003
  0.24075900000000003        1.4650906793380219E-003
  0.24175800000000003        1.4560376992593387E-003
  0.24275700000000003        1.4469536919312664E-003
  0.24375600000000003        1.4378410455832989E-003
  0.24475500000000003        1.4287021029070299E-003
  0.24575400000000003        1.4195391614551230E-003
  0.24675300000000003        1.4103544740488908E-003
  0.24775200000000003        1.4011502491937749E-003
  0.24875100000000003        1.3919286515021939E-003
  0.24975000000000003        1.3826918021230760E-003
  0.25074900000000000        1.3734417791775504E-003
  0.25174800000000003        1.3641806182002204E-003
  0.25274700000000000        1.3549103125855553E-003
  0.25374600000000003        1.3456328140387947E-003
  0.25474500000000000        1.3363500330309721E-003
  0.25574400000000003        1.3270638392575737E-003
  0.25674300000000005        1.3177760621003475E-003
  0.25774200000000003        1.3084884910919605E-003
  0.25874100000000005        1.2992028763829217E-003
  0.25974000000000003        1.2899209292105878E-003
  0.26073900000000005        1.2806443223697275E-003
  0.26173800000000003        1.2713746906843819E-003
  0.26273700000000005        1.2621136314806707E-003
  0.26373600000000003        1.2528627050602296E-003
  0.26473500000000005        1.2436234351739270E-003
  0.26573400000000003        1.2343973094957011E-003
  0.26673300000000005        1.2251857800960769E-003
  0.26773200000000003        1.2159902639152567E-003
  0.26873100000000005        1.2068121432354153E-003
  0.26973000000000003        1.1976527661520806E-003
  0.27072900000000005        1.1885134470442729E-003
  0.27172800000000003        1.1793954670432799E-003
  0.27272700000000005        1.1703000744997779E-003
  0.27372600000000002        1.1612284854492240E-003
  0.27472500000000005        1.1521818840752409E-003
  0.27572400000000002        1.1431614231708705E-003
  0.27672300000000005        1.1341682245975368E-003
  0.27772200000000002        1.1252033797415765E-003
  0.27872100000000005        1.1162679499681616E-003
  0.27972000000000002        1.1073629670725299E-003
  0.28071900000000005        1.0984894337283493E-003
  0.28171800000000002        1.0896483239331502E-003
  0.28271700000000005        1.0808405834506682E-003
  0.28371600000000002        1.0720671302500355E-003
  0.28471500000000005        1.0633288549416924E-003
  0.28571400000000002        1.0546266212099567E-003
  0.28671300000000005        1.0459612662421631E-003
  0.28771200000000002        1.0373336011542758E-003
  0.28871100000000005        1.0287444114129235E-003
  0.28971000000000002        1.0201944572537939E-003
  0.29070900000000005        1.0116844740963161E-003
  0.29170800000000002        1.0032151729545765E-003
  0.29270700000000005        9.9478724084442710E-004
  0.29370600000000002        9.8640134118673189E-004
  0.29470500000000005        9.7805811420671024E-004
  0.29570400000000002        9.6975817732937344E-004
  0.29670300000000005        9.6150212557092056E-004
  0.29770200000000002        9.5329053192623090E-004
  0.29870100000000005        9.4512394775225262E-004
  0.29970000000000002        9.3700290314738905E-004
  0.30069900000000005        9.2892790732679949E-004
  0.30169800000000002        9.2089944899363609E-004
  0.30269700000000005        9.1291799670617242E-004
  0.30369600000000002        9.0498399924084766E-004
  0.30469500000000005        8.9709788595117822E-004
  0.30569400000000002        8.8926006712258376E-004
  0.30669300000000005        8.8147093432306691E-004
  0.30769200000000002        8.7373086074981092E-004
  0.30869100000000005        8.6604020157164251E-004
  0.30969000000000002        8.5839929426740626E-004
  0.31068900000000005        8.5080845896021000E-004
  0.31168800000000002        8.4326799874762180E-004
  0.31268700000000005        8.3577820002774883E-004
  0.31368600000000002        8.2833933282127682E-004
  0.31468500000000005        8.2095165108942954E-004
  0.31568400000000002        8.1361539304792337E-004
  0.31668300000000005        8.0633078147686278E-004
  0.31768200000000002        7.9909802402667457E-004
  0.31868100000000005        7.9191731352001870E-004
  0.31968000000000002        7.8478882824977662E-004
  0.32067900000000005        7.7771273227306343E-004
  0.32167800000000002        7.7068917570135361E-004
  0.32267700000000005        7.6371829498669830E-004
  0.32367600000000002        7.5680021320407491E-004
  0.32467500000000005        7.4993504032990258E-004
  0.32567400000000002        7.4312287351673825E-004
  0.32667300000000005        7.3636379736418919E-004
  0.32767200000000002        7.2965788418605834E-004
  0.32867100000000005        7.2300519427377001E-004
  0.32967000000000002        7.1640577615609028E-004
  0.33066900000000005        7.0985966685517435E-004
  0.33166800000000002        7.0336689213897953E-004
  0.33266700000000005        6.9692746677006321E-004
  0.33366600000000002        6.9054139475079935E-004
  0.33466500000000005        6.8420866956507044E-004
  0.33566400000000002        6.7792927441642109E-004
  0.33666300000000005        6.7170318246273974E-004
  0.33766200000000002        6.6553035704749975E-004
  0.33866100000000005        6.5941075192757622E-004
  0.33966000000000002        6.5334431149767752E-004
  0.34065900000000005        6.4733097101143933E-004
  0.34165800000000002        6.4137065679920058E-004
  0.34265700000000004        6.3546328648248624E-004
  0.34365600000000002        6.2960876918526738E-004
  0.34465500000000004        6.2380700574197708E-004
  0.34565400000000002        6.1805788890237606E-004
  0.34665300000000004        6.1236130353325340E-004
  0.34765200000000002        6.0671712681702498E-004
  0.34865100000000004        6.0112522844724418E-004
  0.34965000000000002        5.9558547082109385E-004
  0.35064900000000004        5.9009770922883434E-004
  0.35164800000000002        5.8466179204030974E-004
  0.35264700000000004        5.7927756088848356E-004
  0.35364600000000002        5.7394485085008966E-004
  0.35464500000000004        5.6866349062340232E-004
  0.35564400000000002        5.6343330270315194E-004
  0.35664300000000004        5.5825410355265419E-004
  0.35764200000000002        5.5312570377315435E-004
  0.35864100000000004        5.4804790827043409E-004
  0.35964000000000002        5.4302051641870333E-004
  0.36063900000000004        5.3804332222182906E-004
  0.36163800000000001        5.3311611447191701E-004
  0.36263700000000004        5.2823867690527401E-004
  0.36363600000000001        5.2341078835580932E-004
  0.36463500000000004        5.1863222290587496E-004
  0.36563400000000001        5.1390275003460636E-004
  0.36663300000000004        5.0922213476375965E-004
  0.36763200000000001        5.0459013780112367E-004
  0.36863100000000004        5.0000651568149577E-004
  0.36963000000000001        4.9547102090526259E-004
  0.37062900000000004        4.9098340207464285E-004
  0.37162800000000001        4.8654340402758285E-004
  0.37262700000000004        4.8215076796936034E-004
  0.37362600000000001        4.7780523160192648E-004
  0.37462500000000004        4.7350652925099519E-004
  0.37562400000000001        4.6925439199093575E-004
  0.37662300000000004        4.6504854776747496E-004
  0.37762200000000001        4.6088872151825688E-004
  0.37862100000000004        4.5677463529127034E-004
  0.37962000000000001        4.5270600836118348E-004
  0.38061900000000004        4.4868255734361809E-004
  0.38161800000000001        4.4470399630737440E-004
  0.38261700000000004        4.4077003688465022E-004
  0.38361600000000007        4.3688038837927086E-004
  0.38461500000000004        4.3303475787296323E-004
  0.38561400000000007        4.2923285032970063E-004
  0.38661300000000004        4.2547436869813096E-004
  0.38761200000000007        4.2175901401213885E-004
  0.38861100000000004        4.1808648548954480E-004
  0.38961000000000007        4.1445648062898258E-004
  0.39060900000000004        4.1086869530496150E-004
  0.39160800000000007        4.0732282386116283E-004
  0.39260700000000004        4.0381855920197614E-004
  0.39360600000000007        4.0035559288230447E-004
  0.39460500000000004        3.9693361519566506E-004
  0.39560400000000007        3.9355231526060736E-004
  0.39660300000000004        3.9021138110547222E-004
  0.39760200000000007        3.8691049975151742E-004
  0.39860100000000004        3.8364935729442643E-004
  0.39960000000000007        3.8042763898422520E-004
  0.40059900000000004        3.7724502930364367E-004
  0.40159800000000007        3.7410121204490979E-004
  0.40259700000000004        3.7099587038504084E-004
  0.40359600000000007        3.6792868695961788E-004
  0.40459500000000004        3.6489934393508334E-004
  0.40559400000000007        3.6190752307957864E-004
  0.40659300000000004        3.5895290583234165E-004
  0.40759200000000007        3.5603517337168250E-004
  0.40859100000000004        3.5315400668156551E-004
  0.40959000000000007        3.5030908661680329E-004
  0.41058900000000004        3.4750009396689968E-004
  0.41158800000000006        3.4472670951854901E-004
  0.41258700000000004        3.4198861411681181E-004
  0.41358600000000006        3.3928548872499400E-004
  0.41458500000000004        3.3661701448323562E-004
  0.41558400000000006        3.3398287276584541E-004
  0.41658300000000004        3.3138274523737525E-004
  0.41758200000000006        3.2881631390747451E-004
  0.41858100000000004        3.2628326118453393E-004
  0.41958000000000006        3.2378326992812923E-004
  0.42057900000000004        3.2131602350029669E-004
  0.42157800000000006        3.1888120581564315E-004
  0.42257700000000004        3.1647850139031466E-004
  0.42357600000000006        3.1410759538984376E-004
  0.42457500000000004        3.1176817367588268E-004
  0.42557400000000006        3.0945992285184441E-004
  0.42657300000000004        3.0718253030746561E-004
  0.42757200000000006        3.0493568426231315E-004
  0.42857100000000004        3.0271907380823536E-004
  0.42957000000000006        3.0053238895079150E-004
  0.43056900000000004        2.9837532064966072E-004
  0.43156800000000006        2.9624756085804905E-004
  0.43256700000000003        2.9414880256111836E-004
  0.43356600000000006        2.9207873981343158E-004
  0.43456500000000003        2.9003706777545109E-004
  0.43556400000000006        2.8802348274908836E-004
  0.43656300000000003        2.8603768221232916E-004
  0.43756200000000006        2.8407936485293640E-004
  0.43856100000000003        2.8214823060125909E-004
  0.43956000000000006        2.8024398066214682E-004
  0.44055900000000003        2.7836631754599129E-004
  0.44155800000000006        2.7651494509890729E-004
  0.44255700000000003        2.7468956853206051E-004
  0.44355600000000006        2.7288989445016282E-004
  0.44455500000000003        2.7111563087913853E-004
  0.44555400000000006        2.6936648729298574E-004
  0.44655300000000003        2.6764217463982903E-004
  0.44755200000000006        2.6594240536719372E-004
  0.44855100000000003        2.6426689344649830E-004
  0.44955000000000006        2.6261535439678395E-004
  0.45054900000000003        2.6098750530769305E-004
  0.45154800000000006        2.5938306486170576E-004
  0.45254700000000003        2.5780175335564598E-004
  0.45354600000000006        2.5624329272146829E-004
  0.45454500000000003        2.5470740654634071E-004
  0.45554400000000006        2.5319382009202421E-004
  0.45654300000000003        2.5170226031356765E-004
  0.45754200000000006        2.5023245587733602E-004
  0.45854100000000003        2.4878413717835586E-004
  0.45954000000000006        2.4735703635701898E-004
  0.46053900000000003        2.4595088731513835E-004
  0.46153800000000006        2.4456542573136344E-004
  0.46253700000000003        2.4320038907597709E-004
  0.46353600000000006        2.4185551662507014E-004
  0.46453500000000003        2.4053054947411923E-004
  0.46553400000000006        2.3922523055095376E-004
  0.46653300000000003        2.3793930462815191E-004
  0.46753200000000006        2.3667251833484483E-004
  0.46853100000000003        2.3542462016796280E-004
  0.46953000000000006        2.3419536050290994E-004
  0.47052900000000003        2.3298449160370205E-004
  0.47152800000000006        2.3179176763254809E-004
  0.47252700000000003        2.3061694465890709E-004
  0.47352600000000006        2.2945978066801659E-004
  0.47452500000000003        2.2832003556890696E-004
  0.47552400000000006        2.2719747120190223E-004
  0.47652300000000003        2.2609185134562579E-004
  0.47752200000000006        2.2500294172351362E-004
  0.47852100000000003        2.2393051000984041E-004
  0.47952000000000006        2.2287432583527220E-004
  0.48051900000000003        2.2183416079195358E-004
  0.48151800000000006        2.2080978843812531E-004
  0.48251700000000003        2.1980098430229937E-004
  0.48351600000000006        2.1880752588698525E-004
  0.48451500000000003        2.1782919267197324E-004
  0.48551400000000006        2.1686576611719649E-004
  0.48651300000000003        2.1591702966516400E-004
  0.48751200000000006        2.1498276874297776E-004
  0.48851100000000003        2.1406277076394615E-004
  0.48951000000000006        2.1315682512878354E-004
  0.49050900000000003        2.1226472322643492E-004
  0.49150800000000006        2.1138625843449371E-004
  0.49250700000000003        2.1052122611924548E-004
  0.49350600000000006        2.0966942363534276E-004
  0.49450500000000003        2.0883065032510127E-004
  0.49550400000000006        2.0800470751744534E-004
  0.49650300000000003        2.0719139852649039E-004
  0.49750200000000006        2.0639052864978268E-004
  0.49850100000000003        2.0560190516619447E-004
  0.49950000000000006        2.0482533733348399E-004
  0.50049900000000003        2.0406063638552495E-004
  0.50149800000000000        2.0330761552921604E-004
  0.50249700000000008        2.0256608994106778E-004
  0.50349600000000005        2.0183587676348444E-004
  0.50449500000000003        2.0111679510073451E-004
  0.50549400000000000        2.0040866601462587E-004
  0.50649300000000008        1.9971131251988577E-004
  0.50749200000000005        1.9902455957925331E-004
  0.50849100000000003        1.9834823409828903E-004
  0.50949000000000000        1.9768216491990813E-004
  0.51048900000000008        1.9702618281864458E-004
  0.51148800000000005        1.9638012049464669E-004
  0.51248700000000003        1.9574381256741357E-004
  0.51348600000000011        1.9511709556928013E-004
  0.51448500000000008        1.9449980793864700E-004
  0.51548400000000005        1.9389179001297254E-004
  0.51648300000000003        1.9329288402152145E-004
  0.51748200000000011        1.9270293407788183E-004
  0.51848100000000008        1.9212178617225494E-004
  0.51948000000000005        1.9154928816351931E-004
  0.52047900000000002        1.9098528977107721E-004
  0.52147800000000011        1.9042964256649008E-004
  0.52247700000000008        1.8988219996490151E-004
  0.52347600000000005        1.8934281721626176E-004
  0.52447500000000002        1.8881135139634737E-004
  0.52547400000000011        1.8828766139759458E-004
  0.52647300000000008        1.8777160791973654E-004
  0.52747200000000005        1.8726305346026021E-004
  0.52847100000000002        1.8676186230468436E-004
  0.52947000000000011        1.8626790051665639E-004
  0.53046900000000008        1.8578103592788850E-004
  0.53146800000000005        1.8530113812791838E-004
  0.53246700000000002        1.8482807845371306E-004
  0.53346600000000011        1.8436172997911675E-004
  0.53446500000000008        1.8390196750414271E-004
  0.53546400000000005        1.8344866754411814E-004
  0.53646300000000002        1.8300170831868771E-004
  0.53746200000000011        1.8256096974067271E-004
  0.53846100000000008        1.8212633340479957E-004
  0.53946000000000005        1.8169768257629142E-004
  0.54045900000000002        1.8127490217934004E-004
  0.54145800000000011        1.8085787878544657E-004
  0.54245700000000008        1.8044650060165300E-004
  0.54345600000000005        1.8004065745864806E-004
  0.54445500000000002        1.7964024079877126E-004
  0.54545400000000011        1.7924514366390569E-004
  0.54645300000000008        1.7885526068326833E-004
  0.54745200000000005        1.7847048806110330E-004
  0.54845100000000002        1.7809072356427821E-004
  0.54945000000000010        1.7771586650978927E-004
  0.55044900000000008        1.7734581775218029E-004
  0.55144800000000005        1.7698047967087762E-004
  0.55244700000000002        1.7661975615744366E-004
  0.55344600000000010        1.7626355260275532E-004
  0.55444500000000008        1.7591177588411098E-004
  0.55544400000000005        1.7556433435226656E-004
  0.55644300000000002        1.7522113781840549E-004
  0.55744200000000010        1.7488209754105136E-004
  0.55844100000000008        1.7454712621291633E-004
  0.55944000000000005        1.7421613794769847E-004
  0.56043900000000002        1.7388904826682710E-004
  0.56143800000000010        1.7356577408615947E-004
  0.56243700000000008        1.7324623370263429E-004
  0.56343600000000005        1.7293034678088050E-004
  0.56443500000000002        1.7261803433979385E-004
  0.56543400000000010        1.7230921873907302E-004
  0.56643300000000008        1.7200382366572872E-004
  0.56743200000000005        1.7170177412056216E-004
  0.56843100000000002        1.7140299640461910E-004
  0.56943000000000010        1.7110741810562384E-004
  0.57042900000000007        1.7081496808439071E-004
  0.57142800000000005        1.7052557646122531E-004
  0.57242700000000002        1.7023917460230690E-004
  0.57342600000000010        1.6995569510606744E-004
  0.57442500000000007        1.6967507178955926E-004
  0.57542400000000005        1.6939723967482218E-004
  0.57642300000000002        1.6912213497524898E-004
  0.57742200000000010        1.6884969508195206E-004
  0.57842100000000007        1.6857985855013764E-004
  0.57942000000000005        1.6831256508548405E-004
  0.58041900000000002        1.6804775553053559E-004
  0.58141800000000010        1.6778537185110643E-004
  0.58241700000000007        1.6752535712270046E-004
  0.58341600000000005        1.6726765551695210E-004
  0.58441500000000002        1.6701221228808763E-004
  0.58541400000000010        1.6675897375940943E-004
  0.58641300000000007        1.6650788730980911E-004
  0.58741200000000005        1.6625890136030870E-004
  0.58841100000000002        1.6601196536063305E-004
  0.58941000000000010        1.6576702977581743E-004
  0.59040900000000007        1.6552404607285192E-004
  0.59140800000000004        1.6528296670736338E-004
  0.59240700000000002        1.6504374511034121E-004
  0.59340600000000010        1.6480633567490482E-004
  0.59440500000000007        1.6457069374311821E-004
  0.59540400000000004        1.6433677559285281E-004
  0.59640300000000002        1.6410453842470094E-004
  0.59740200000000010        1.6387394034894236E-004
  0.59840100000000007        1.6364494037256417E-004
  0.59940000000000004        1.6341749838634100E-004
  0.60039900000000002        1.6319157515197011E-004
  0.60139800000000010        1.6296713228927255E-004
  0.60239700000000007        1.6274413226345373E-004
  0.60339600000000004        1.6252253837242996E-004
  0.60439500000000002        1.6230231473422422E-004
  0.60539400000000010        1.6208342627442983E-004
  0.60639300000000007        1.6186583871374160E-004
  0.60739200000000004        1.6164951855556726E-004
  0.60839100000000002        1.6143443307370690E-004
  0.60939000000000010        1.6122055030011042E-004
  0.61038900000000007        1.6100783901271546E-004
  0.61138800000000004        1.6079626872336097E-004
  0.61238700000000001        1.6058580966578687E-004
  0.61338600000000010        1.6037643278371246E-004
  0.61438500000000007        1.6016810971900122E-004
  0.61538400000000004        1.5996081279991172E-004
  0.61638300000000001        1.5975451502943586E-004
  0.61738200000000010        1.5954919007372647E-004
  0.61838100000000007        1.5934481225061411E-004
  0.61938000000000004        1.5914135651821804E-004
  0.62037900000000001        1.5893879846364567E-004
  0.62137800000000010        1.5873711429179301E-004
  0.62237700000000007        1.5853628081423463E-004
  0.62337600000000004        1.5833627543821409E-004
  0.62437500000000001        1.5813707615573117E-004
  0.62537400000000010        1.5793866153272865E-004
  0.62637300000000007        1.5774101069837855E-004
  0.62737200000000004        1.5754410333446996E-004
  0.62837100000000001        1.5734791966490145E-004
  0.62937000000000010        1.5715244044527138E-004
  0.63036900000000007        1.5695764695257896E-004
  0.63136800000000004        1.5676352097502582E-004
  0.63236700000000001        1.5657004480192465E-004
  0.63336600000000010        1.5637720121371653E-004
  0.63436500000000007        1.5618497347209161E-004
  0.63536400000000004        1.5599334531022445E-004
  0.63636300000000001        1.5580230092311002E-004
  0.63736200000000010        1.5561182495801834E-004
  0.63836100000000007        1.5542190250505172E-004
  0.63936000000000004        1.5523251908781735E-004
  0.64035900000000012        1.5504366065421021E-004
  0.64135800000000009        1.5485531356730615E-004
  0.64235700000000007        1.5466746459637051E-004
  0.64335600000000004        1.5448010090797552E-004
  0.64435500000000012        1.5429321005723361E-004
  0.64535400000000009        1.5410677997914447E-004
  0.64635300000000007        1.5392079898005252E-004
  0.64735200000000004        1.5373525572922228E-004
  0.64835100000000012        1.5355013925052460E-004
  0.64935000000000009        1.5336543891424063E-004
  0.65034900000000007        1.5318114442897665E-004
  0.65134800000000004        1.5299724583369578E-004
  0.65234700000000012        1.5281373348986508E-004
  0.65334600000000009        1.5263059807371366E-004
  0.65434500000000007        1.5244783056861012E-004
  0.65534400000000004        1.5226542225755244E-004
  0.65634300000000012        1.5208336471576991E-004
  0.65734200000000009        1.5190164980344469E-004
  0.65834100000000007        1.5172026965854413E-004
  0.65934000000000004        1.5153921668976733E-004
  0.66033900000000012        1.5135848356960616E-004
  0.66133800000000009        1.5117806322752111E-004
  0.66233700000000006        1.5099794884322767E-004
  0.66333600000000004        1.5081813384009790E-004
  0.66433500000000012        1.5063861187867463E-004
  0.66533400000000009        1.5045937685029495E-004
  0.66633300000000006        1.5028042287082910E-004
  0.66733200000000004        1.5010174427452887E-004
  0.66833100000000012        1.4992333560798568E-004
  0.66933000000000009        1.4974519162420325E-004
  0.67032900000000006        1.4956730727677206E-004
  0.67132800000000004        1.4938967771416209E-004
  0.67232700000000012        1.4921229827411712E-004
  0.67332600000000009        1.4903516447816042E-004
  0.67432500000000006        1.4885827202620552E-004
  0.67532400000000004        1.4868161679127480E-004
  0.67632300000000012        1.4850519481432266E-004
  0.67732200000000009        1.4832900229916519E-004
  0.67832100000000006        1.4815303560751207E-004
  0.67932000000000003        1.4797729125410217E-004
  0.68031900000000012        1.4780176590194297E-004
  0.68131800000000009        1.4762645635765006E-004
  0.68231700000000006        1.4745135956688706E-004
  0.68331600000000003        1.4727647260990670E-004
  0.68431500000000012        1.4710179269719135E-004
  0.68531400000000009        1.4692731716518535E-004
  0.68631300000000006        1.4675304347213495E-004
  0.68731200000000003        1.4657896919401380E-004
  0.68831100000000012        1.4640509202054820E-004
  0.68931000000000009        1.4623140975133652E-004
  0.69030900000000006        1.4605792029205876E-004
  0.69130800000000003        1.4588462165078010E-004
  0.69230700000000012        1.4571151193434336E-004
  0.69330600000000009        1.4553858934485180E-004
  0.69430500000000006        1.4536585217624003E-004
  0.69530400000000003        1.4519329881093059E-004
  0.69630300000000012        1.4502092771658022E-004
  0.69730200000000009        1.4484873744290627E-004
  0.69830100000000006        1.4467672661859997E-004
  0.69930000000000003        1.4450489394832010E-004
  0.70029900000000012        1.4433323820977066E-004
  0.70129800000000009        1.4416175825085497E-004
  0.70229700000000006        1.4399045298691055E-004
  0.70329600000000003        1.4381932139802161E-004
  0.70429500000000012        1.4364836252640738E-004
  0.70529400000000009        1.4347757547388448E-004
  0.70629300000000006        1.4330695939940551E-004
  0.70729200000000003        1.4313651351666745E-004
  0.70829100000000011        1.4296623709179315E-004
  0.70929000000000009        1.4279612944108154E-004
  0.71028900000000006        1.4262618992882654E-004
  0.71128800000000003        1.4245641796520594E-004
  0.71228700000000011        1.4228681300423244E-004
  0.71328600000000009        1.4211737454177193E-004
  0.71428500000000006        1.4194810211362561E-004
  0.71528400000000003        1.4177899529367239E-004
  0.71628300000000011        1.4161005369207400E-004
  0.71728200000000009        1.4144127695354047E-004
  0.71828100000000006        1.4127266475565125E-004
  0.71928000000000003        1.4110421680723682E-004
  0.72027900000000011        1.4093593284681376E-004
  0.72127800000000009        1.4076781264107656E-004
  0.72227700000000006        1.4059985598343863E-004
  0.72327600000000003        1.4043206269263341E-004
  0.72427500000000011        1.4026443261135860E-004
  0.72527400000000009        1.4009696560497362E-004
  0.72627300000000006        1.3992966156024393E-004
  0.72727200000000003        1.3976252038413745E-004
  0.72827100000000011        1.3959554200265923E-004
  0.72927000000000008        1.3942872635973842E-004
  0.73026900000000006        1.3926207341615355E-004
  0.73126800000000003        1.3909558314850395E-004
  0.73226700000000011        1.3892925554822048E-004
  0.73326600000000008        1.3876309062061813E-004
  0.73426500000000006        1.3859708838398523E-004
  0.73526400000000003        1.3843124886871381E-004
  0.73626300000000011        1.3826557211646495E-004
  0.73726200000000008        1.3810005817936836E-004
  0.73826100000000006        1.3793470711926224E-004
  0.73926000000000003        1.3776951900696053E-004
  0.74025900000000011        1.3760449392155529E-004
  0.74125800000000008        1.3743963194975278E-004
  0.74225700000000006        1.3727493318523650E-004
  0.74325600000000003        1.3711039772806223E-004
  0.74425500000000011        1.3694602568408045E-004
  0.74525400000000008        1.3678181716438790E-004
  0.74625300000000006        1.3661777228480366E-004
  0.74725200000000003        1.3645389116537340E-004
  0.74825100000000011        1.3629017392989627E-004
  0.74925000000000008        1.3612662070547799E-004
  0.75024900000000005        1.3596323162210505E-004
  0.75124800000000003        1.3580000681224266E-004
  0.75224700000000011        1.3563694641045344E-004
  0.75324600000000008        1.3547405055303600E-004
  0.75424500000000005        1.3531131937768607E-004
  0.75524400000000003        1.3514875302317265E-004
  0.75624300000000011        1.3498635162903651E-004
  0.75724200000000008        1.3482411533530310E-004
  0.75824100000000005        1.3466204428221350E-004
  0.75924000000000003        1.3450013860997302E-004
  0.76023900000000011        1.3433839845851124E-004
  0.76123800000000008        1.3417682396726246E-004
  0.76223700000000005        1.3401541527495393E-004
  0.76323600000000003        1.3385417251941391E-004
  0.76423500000000011        1.3369309583738647E-004
  0.76523400000000008        1.3353218536436455E-004
  0.76623300000000005        1.3337144123443031E-004
  0.76723200000000014        1.3321086358010807E-004
  0.76823100000000011        1.3305045253222917E-004
  0.76923000000000008        1.3289020821980537E-004
  0.77022900000000005        1.3273013076991132E-004
  0.77122800000000014        1.3257022030757873E-004
  0.77222700000000011        1.3241047695569829E-004
  0.77322600000000008        1.3225090083492620E-004
  0.77422500000000005        1.3209149206360463E-004
  0.77522400000000014        1.3193225075768585E-004
  0.77622300000000011        1.3177317703066185E-004
  0.77722200000000008        1.3161427099350577E-004
  0.77822100000000005        1.3145553275461456E-004
  0.77922000000000013        1.3129696241975984E-004
  0.78021900000000011        1.3113856009204348E-004
  0.78121800000000008        1.3098032587185952E-004
  0.78221700000000005        1.3082225985685923E-004
  0.78321600000000013        1.3066436214192277E-004
  0.78421500000000011        1.3050663281913324E-004
  0.78521400000000008        1.3034907197775636E-004
  0.78621300000000005        1.3019167970422263E-004
  0.78721200000000013        1.3003445608211403E-004
  0.78821100000000011        1.2987740119215220E-004
  0.78921000000000008        1.2972051511219332E-004
  0.79020900000000005        1.2956379791722241E-004
  0.79120800000000013        1.2940724967935047E-004
  0.79220700000000011        1.2925087046781604E-004
  0.79320600000000008        1.2909466034898863E-004
  0.79420500000000005        1.2893861938637302E-004
  0.79520400000000013        1.2878274764061486E-004
  0.79620300000000011        1.2862704516951169E-004
  0.79720200000000008        1.2847151202802188E-004
  0.79820100000000005        1.2831614826827611E-004
  0.79920000000000013        1.2816095393959235E-004
  0.80019900000000010        1.2800592908848734E-004
  0.80119800000000008        1.2785107375869574E-004
  0.80219700000000005        1.2769638799118378E-004
  0.80319600000000013        1.2754187182416937E-004
  0.80419500000000010        1.2738752529313767E-004
  0.80519400000000008        1.2723334843086360E-004
  0.80619300000000005        1.2707934126742840E-004
  0.80719200000000013        1.2692550383024340E-004
  0.80819100000000010        1.2677183614406856E-004
  0.80919000000000008        1.2661833823103511E-004
  0.81018900000000005        1.2646501011066695E-004
  0.81118800000000013        1.2631185179990380E-004
  0.81218700000000010        1.2615886331312338E-004
  0.81318600000000008        1.2600604466216295E-004
  0.81418500000000005        1.2585339585634468E-004
  0.81518400000000013        1.2570091690249801E-004
  0.81618300000000010        1.2554860780498146E-004
  0.81718200000000007        1.2539646856570845E-004
  0.81818100000000005        1.2524449918417004E-004
  0.81918000000000013        1.2509269965745753E-004
  0.82017900000000010        1.2494106998028694E-004
  0.82117800000000007        1.2478961014502377E-004
  0.82217700000000005        1.2463832014170318E-004
  0.82317600000000013        1.2448719995805825E-004
  0.82417500000000010        1.2433624957953858E-004
  0.82517400000000007        1.2418546898933762E-004
  0.82617300000000005        1.2403485816841301E-004
  0.82717200000000013        1.2388441709551269E-004
  0.82817100000000010        1.2373414574719488E-004
  0.82917000000000007        1.2358404409785312E-004
  0.83016900000000005        1.2343411211973874E-004
  0.83116800000000013        1.2328434978298248E-004
  0.83216700000000010        1.2313475705561885E-004
  0.83316600000000007        1.2298533390360660E-004
  0.83416500000000005        1.2283608029085177E-004
  0.83516400000000013        1.2268699617922984E-004
  0.83616300000000010        1.2253808152860786E-004
  0.83716200000000007        1.2238933629686474E-004
  0.83816100000000004        1.2224076043991459E-004
  0.83916000000000013        1.2209235391172636E-004
  0.84015900000000010        1.2194411666434684E-004
  0.84115800000000007        1.2179604864791985E-004
  0.84215700000000004        1.2164814981070793E-004
  0.84315600000000013        1.2150042009911279E-004
  0.84415500000000010        1.2135285945769639E-004
  0.84515400000000007        1.2120546782919997E-004
  0.84615300000000004        1.2105824515456427E-004
  0.84715200000000013        1.2091119137295110E-004
  0.84815100000000010        1.2076430642176081E-004
  0.84915000000000007        1.2061759023665349E-004
  0.85014900000000004        1.2047104275156774E-004
  0.85114800000000013        1.2032466389873878E-004
  0.85214700000000010        1.2017845360871969E-004
  0.85314600000000007        1.2003241181039841E-004
  0.85414500000000004        1.1988653843101681E-004
  0.85514400000000013        1.1974083339618995E-004
  0.85614300000000010        1.1959529662992311E-004
  0.85714200000000007        1.1944992805463080E-004
  0.85814100000000004        1.1930472759115556E-004
  0.85914000000000013        1.1915969515878270E-004
  0.86013900000000010        1.1901483067526147E-004
  0.86113800000000007        1.1887013405682081E-004
  0.86213700000000004        1.1872560521818626E-004
  0.86313600000000013        1.1858124407259815E-004
  0.86413500000000010        1.1843705053182841E-004
  0.86513400000000007        1.1829302450619678E-004
  0.86613300000000004        1.1814916590458777E-004
  0.86713200000000012        1.1800547463446757E-004
  0.86813100000000010        1.1786195060189949E-004
  0.86913000000000007        1.1771859371156109E-004
  0.87012900000000004        1.1757540386676032E-004
  0.87112800000000012        1.1743238096945022E-004
  0.87212700000000010        1.1728952492024629E-004
  0.87312600000000007        1.1714683561844085E-004
  0.87412500000000004        1.1700431296201823E-004
  0.87512400000000012        1.1686195684767204E-004
  0.87612300000000010        1.1671976717081828E-004
  0.87712200000000007        1.1657774382561183E-004
  0.87812100000000004        1.1643588670495957E-004
  0.87912000000000012        1.1629419570053737E-004
  0.88011900000000010        1.1615267070280327E-004
  0.88111800000000007        1.1601131160101235E-004
  0.88211700000000004        1.1587011828323032E-004
  0.88311600000000012        1.1572909063634994E-004
  0.88411500000000010        1.1558822854610148E-004
  0.88511400000000007        1.1544753189707114E-004
  0.88611300000000004        1.1530700057271069E-004
  0.88711200000000012        1.1516663445535372E-004
  0.88811100000000009        1.1502643342622889E-004
  0.88911000000000007        1.1488639736547157E-004
  0.89010900000000004        1.1474652615214028E-004
  0.89110800000000012        1.1460681966422710E-004
  0.89210700000000009        1.1446727777867148E-004
  0.89310600000000007        1.1432790037137478E-004
  0.89410500000000004        1.1418868731721018E-004
  0.89510400000000012        1.1404963849003875E-004
  0.89610300000000009        1.1391075376271872E-004
  0.89710200000000007        1.1377203300712060E-004
  0.89810100000000015        1.1363347609413824E-004
  0.89910000000000012        1.1349508289370092E-004
  0.90009900000000009        1.1335685327478654E-004
  0.90109800000000007        1.1321878710543237E-004
  0.90209700000000015        1.1308088425274872E-004
  0.90309600000000012        1.1294314458292795E-004
  0.90409500000000009        1.1280556796125950E-004
  0.90509400000000007        1.1266815425213873E-004
  0.90609300000000015        1.1253090331908069E-004
  0.90709200000000012        1.1239381502472868E-004
  0.90809100000000009        1.1225688923086963E-004
  0.90909000000000006        1.1212012579844049E-004
  0.91008900000000015        1.1198352458754322E-004
  0.91108800000000012        1.1184708545745402E-004
  0.91208700000000009        1.1171080826663412E-004
  0.91308600000000006        1.1157469287274162E-004
  0.91408500000000015        1.1143873913264082E-004
  0.91508400000000012        1.1130294690241496E-004
  0.91608300000000009        1.1116731603737344E-004
  0.91708200000000006        1.1103184639206616E-004
  0.91808100000000015        1.1089653782029121E-004
  0.91908000000000012        1.1076139017510553E-004
  0.92007900000000009        1.1062640330883634E-004
  0.92107800000000006        1.1049157707309026E-004
  0.92207700000000015        1.1035691131876268E-004
  0.92307600000000012        1.1022240589605055E-004
  0.92407500000000009        1.1008806065445872E-004
  0.92507400000000006        1.0995387544281264E-004
  0.92607300000000015        1.0981985010926593E-004
  0.92707200000000012        1.0968598450131237E-004
  0.92807100000000009        1.0955227846579384E-004
  0.92907000000000006        1.0941873184891108E-004
  0.93006900000000015        1.0928534449623192E-004
  0.93106800000000012        1.0915211625270245E-004
  0.93206700000000009        1.0901904696265566E-004
  0.93306600000000006        1.0888613646982141E-004
  0.93406500000000015        1.0875338461733500E-004
  0.93506400000000012        1.0862079124774815E-004
  0.93606300000000009        1.0848835620303713E-004
  0.93706200000000006        1.0835607932461349E-004
  0.93806100000000014        1.0822396045333225E-004
  0.93906000000000012        1.0809199942950293E-004
  0.94005900000000009        1.0796019609289864E-004
  0.94105800000000006        1.0782855028276563E-004
  0.94205700000000014        1.0769706183783299E-004
  0.94305600000000012        1.0756573059632423E-004
  0.94405500000000009        1.0743455639596506E-004
  0.94505400000000006        1.0730353907399608E-004
  0.94605300000000014        1.0717267846718204E-004
  0.94705200000000012        1.0704197441182353E-004
  0.94805100000000009        1.0691142674376818E-004
  0.94905000000000006        1.0678103529842128E-004
  0.95004900000000014        1.0665079991076077E-004
  0.95104800000000012        1.0652072041534744E-004
  0.95204700000000009        1.0639079664634018E-004
  0.95304600000000006        1.0626102843750989E-004
  0.95404500000000014        1.0613141562225458E-004
  0.95504400000000012        1.0600195803361836E-004
  0.95604300000000009        1.0587265550430620E-004
  0.95704200000000006        1.0574350786670704E-004
  0.95804100000000014        1.0561451495291456E-004
  0.95904000000000011        1.0548567659475239E-004
  0.96003900000000009        1.0535699262380084E-004
  0.96103800000000006        1.0522846287143044E-004
  0.96203700000000014        1.0510008716883573E-004
  0.96303600000000011        1.0497186534707905E-004
  0.96403500000000009        1.0484379723713744E-004
  0.96503400000000006        1.0471588266995986E-004
  0.96603300000000014        1.0458812147653601E-004
  0.96703200000000011        1.0446051348797432E-004
  0.96803100000000009        1.0433305853560009E-004
  0.96903000000000006        1.0420575645107276E-004
  0.97002900000000014        1.0407860706652986E-004
  0.97102800000000011        1.0395161021476324E-004
  0.97202700000000009        1.0382476572944055E-004
  0.97302600000000006        1.0369807344538229E-004
  0.97402500000000014        1.0357153319891318E-004
  0.97502400000000011        1.0344514482831237E-004
  0.97602300000000008        1.0331890817439494E-004
  0.97702200000000006        1.0319282308127325E-004
  0.97802100000000014        1.0306688939736255E-004
  0.97902000000000011        1.0294110697672872E-004
  0.98001900000000008        1.0281547568091501E-004
  0.98101800000000006        1.0268999538145866E-004
  0.98201700000000014        1.0256466596340846E-004
  0.98301600000000011        1.0243948733032930E-004
  0.98401500000000008        1.0231445941156037E-004
  0.98501400000000006        1.0218958217296521E-004
  0.98601300000000014        1.0206485563324021E-004
  0.98701200000000011        1.0194027988932534E-004
  0.98801100000000008        1.0181585515723231E-004
  0.98901000000000006        1.0169158183998487E-004
  0.99000900000000014        1.0156746064540200E-004
  0.99100800000000011        1.0144349280036699E-004
  0.99200700000000008        1.0131968046377690E-004
  0.99300600000000006        1.0119602758049697E-004
  0.99400500000000014        1.0107254181004575E-004
  0.99500400000000011        1.0094923940834208E-004
  0.99600300000000008        1.0082615964055760E-004
  0.99700200000000005        1.0070341792199820E-004
  0.99800100000000014        1.0058148621839727E-004
  0.99900000000000011        1.0046427874578197E-004
