   9.9900000000000010E-004   2.2835874322073892E-078
   1.9980000000000002E-003   3.7628558201898069E-038
   2.9970000000000005E-003   6.7833637370037667E-025
   3.9960000000000004E-003   2.4375163564537089E-018
   4.9950000000000003E-003   1.8940944650383747E-014
   5.9940000000000011E-003   6.9622427785297994E-012
   6.9930000000000010E-003   4.5195060854594966E-010
   7.9920000000000008E-003   9.9864867756610696E-009
   8.9910000000000007E-003   1.0800729916865009E-007
   9.9900000000000006E-003   7.1040357128340382E-007
   1.0989000000000001E-002   3.2610048524647623E-006
   1.1988000000000002E-002   1.1447205493217808E-005
   1.2987000000000002E-002   3.2729321371683440E-005
   1.3986000000000002E-002   7.9717551056918300E-005
   1.4985000000000002E-002   1.7091873351436526E-004
   1.5984000000000002E-002   3.3058545723322355E-004
   1.6983000000000002E-002   5.8768126903078360E-004
   1.7982000000000001E-002   9.7419228986170986E-004
   1.8981000000000001E-002   1.5231126495559198E-003
   1.9980000000000001E-002   2.2664217406314887E-003
   2.0979000000000001E-002   3.2332977282311260E-003
   2.1978000000000001E-002   4.4487161719038125E-003
   2.2977000000000001E-002   5.9324938072571765E-003
   2.3976000000000004E-002   7.6987696162063995E-003
   2.4975000000000004E-002   9.7558715719733013E-003
   2.5974000000000004E-002   1.2106495042782927E-002
   2.6973000000000004E-002   1.4748112480652652E-002
   2.7972000000000004E-002   1.7673538199641816E-002
   2.8971000000000004E-002   2.0871582127707611E-002
   2.9970000000000004E-002   2.4327738981382484E-002
   3.0969000000000003E-002   2.8024872105820282E-002
   3.1968000000000003E-002   3.1943862922547528E-002
   3.2967000000000003E-002   3.6064206888569969E-002
   3.3966000000000003E-002   4.0364544895815625E-002
   3.4965000000000003E-002   4.4823125200467426E-002
   3.5964000000000003E-002   4.9418195480316812E-002
   3.6963000000000003E-002   5.4128327745186958E-002
   3.7962000000000003E-002   5.8932680847446871E-002
   3.8961000000000003E-002   6.3811206511481616E-002
   3.9960000000000002E-002   6.8744805342515911E-002
   4.0959000000000002E-002   7.3715439367398480E-002
   4.1958000000000002E-002   7.8706207446484114E-002
   4.2957000000000002E-002   8.3701389487136194E-002
   4.3956000000000002E-002   8.8686464868049916E-002
   4.4955000000000002E-002   9.3648109909368879E-002
   4.5954000000000002E-002   9.8574178638237892E-002
   4.6953000000000002E-002  0.10345367053103605     
   4.7952000000000009E-002  0.10827668837984322     
   4.8951000000000008E-002  0.11303438894184191     
   4.9950000000000008E-002  0.11771892859118287     
   5.0949000000000008E-002  0.12232340580441668     
   5.1948000000000008E-002  0.12684180197152967     
   5.2947000000000008E-002  0.13126892173202198     
   5.3946000000000008E-002  0.13560033378547859     
   5.4945000000000008E-002  0.13983231291453710     
   5.5944000000000008E-002  0.14396178378069749     
   5.6943000000000007E-002  0.14798626690586628     
   5.7942000000000007E-002  0.15190382713091477     
   5.8941000000000007E-002  0.15571302474323914     
   5.9940000000000007E-002  0.15941286938504007     
   6.0939000000000007E-002  0.16300277678989419     
   6.1938000000000007E-002  0.16648252834458488     
   6.2937000000000007E-002  0.16985223343386976     
   6.3936000000000007E-002  0.17311229449597657     
   6.4935000000000007E-002  0.17626337469444195     
   6.5934000000000006E-002  0.17930636809608044     
   6.6933000000000006E-002  0.18224237223417455     
   6.7932000000000006E-002  0.18507266292939858     
   6.8931000000000006E-002  0.18779867123772395     
   6.9930000000000006E-002  0.19042196239387432     
   7.0929000000000006E-002  0.19294421662022943     
   7.1928000000000006E-002  0.19536721167394583     
   7.2927000000000006E-002  0.19769280700907643     
   7.3926000000000006E-002  0.19992292943532089     
   7.4925000000000005E-002  0.20205956016043655     
   7.5924000000000005E-002  0.20410472310910394     
   7.6923000000000005E-002  0.20606047441703138     
   7.7922000000000005E-002  0.20792889300508111     
   7.8921000000000005E-002  0.20971207214422802     
   7.9920000000000005E-002  0.21141211192802120     
   8.0919000000000005E-002  0.21303111257496049     
   8.1918000000000005E-002  0.21457116848868965     
   8.2917000000000005E-002  0.21603436300916956     
   8.3916000000000004E-002  0.21742276379303269     
   8.4915000000000004E-002  0.21873841876600916     
   8.5914000000000004E-002  0.21998335259481769     
   8.6913000000000004E-002  0.22115956363008082     
   8.7912000000000004E-002  0.22226902127574361     
   8.8911000000000004E-002  0.22331366374413952     
   8.9910000000000004E-002  0.22429539615921762     
   9.0909000000000004E-002  0.22521608897365558     
   9.1908000000000004E-002  0.22607757666844275     
   9.2907000000000003E-002  0.22688165670627231     
   9.3906000000000003E-002  0.22763008871255902     
   9.4905000000000003E-002  0.22832459386020676     
   9.5904000000000017E-002  0.22896685443636478     
   9.6903000000000017E-002  0.22955851357137505     
   9.7902000000000017E-002  0.23010117511189782     
   9.8901000000000017E-002  0.23059640362184811     
   9.9900000000000017E-002  0.23104572449628419     
  0.10089900000000002       0.23145062417477771     
  0.10189800000000002       0.23181255044205232     
  0.10289700000000002       0.23213291280483714     
  0.10389600000000002       0.23241308293494903     
  0.10489500000000002       0.23265439516955719     
  0.10589400000000002       0.23285814706051269     
  0.10689300000000002       0.23302559996536526     
  0.10789200000000002       0.23315797967348972     
  0.10889100000000002       0.23325647706136349     
  0.10989000000000002       0.23332224877166621     
  0.11088900000000002       0.23335641791143086     
  0.11188800000000002       0.23336007476495241     
  0.11288700000000002       0.23333427751765570     
  0.11388600000000001       0.23328005298750148     
  0.11488500000000001       0.23319839736092013     
  0.11588400000000001       0.23309027693057185     
  0.11688300000000001       0.23295662883256987     
  0.11788200000000001       0.23279836178107238     
  0.11888100000000001       0.23261635679839279     
  0.11988000000000001       0.23241146793902887     
  0.12087900000000001       0.23218452300620093     
  0.12187800000000001       0.23193632425968702     
  0.12287700000000001       0.23166764911390220     
  0.12387600000000001       0.23137925082533206     
  0.12487500000000001       0.23107185916856543     
  0.12587400000000001       0.23074618110028067     
  0.12687300000000001       0.23040290141067157     
  0.12787200000000001       0.23004268336188494     
  0.12887100000000001       0.22966616931312811     
  0.12987000000000001       0.22927398133219376     
  0.13086900000000001       0.22886672179322048     
  0.13186800000000001       0.22844497396055086     
  0.13286700000000001       0.22800930255863053     
  0.13386600000000001       0.22756025432793081     
  0.13486500000000001       0.22709835856690708     
  0.13586400000000001       0.22662412766007256     
  0.13686300000000001       0.22613805759227618     
  0.13786200000000001       0.22564062844930388     
  0.13886100000000001       0.22513230490498104     
  0.13986000000000001       0.22461353669491629     
  0.14085900000000001       0.22408475907710565     
  0.14185800000000001       0.22354639327960069     
  0.14285700000000001       0.22299884693545727     
  0.14385600000000001       0.22244251450520353     
  0.14485500000000001       0.22187777768707664     
  0.14585400000000001       0.22130500581526938     
  0.14685300000000001       0.22072455624644716     
  0.14785200000000001       0.22013677473481072     
  0.14885100000000001       0.21954199579593919     
  0.14985000000000001       0.21894054305971458     
  0.15084900000000001       0.21833272961256656     
  0.15184800000000001       0.21771885832932703     
  0.15284700000000001       0.21709922219494385     
  0.15384600000000001       0.21647410461632866     
  0.15484500000000001       0.21584377972460309     
  0.15584400000000001       0.21520851266799298     
  0.15684300000000001       0.21456855989563983     
  0.15784200000000001       0.21392416943257947     
  0.15884100000000001       0.21327558114612885     
  0.15984000000000001       0.21262302700394398     
  0.16083900000000001       0.21196673132397009     
  0.16183800000000001       0.21130691101654012     
  0.16283700000000001       0.21064377581883775     
  0.16383600000000001       0.20997752852195894     
  0.16483500000000001       0.20930836519079316     
  0.16583400000000001       0.20863647537694330     
  0.16683300000000001       0.20796204232488874     
  0.16783200000000001       0.20728524317160696     
  0.16883100000000001       0.20660624913984652     
  0.16983000000000001       0.20592522572525418     
  0.17082900000000001       0.20524233287754531     
  0.17182800000000001       0.20455772517589954     
  0.17282700000000001       0.20387155199876916     
  0.17382600000000001       0.20318395768826980     
  0.17482500000000001       0.20249508170932878     
  0.17582400000000001       0.20180505880375552     
  0.17682300000000001       0.20111401913939358     
  0.17782200000000001       0.20042208845451370     
  0.17882100000000001       0.19972938819759992     
  0.17982000000000001       0.19903603566267083     
  0.18081900000000001       0.19834214412028742     
  0.18181800000000001       0.19764782294437860     
  0.18281700000000001       0.19695317773502358     
  0.18381600000000001       0.19625831043731942     
  0.18481500000000001       0.19556331945645838     
  0.18581400000000001       0.19486829976914236     
  0.18681300000000001       0.19417334303145034     
  0.18781200000000001       0.19347853768326720     
  0.18881100000000001       0.19278396904940032     
  0.18981000000000001       0.19208971943747150     
  0.19080900000000001       0.19139586823271157     
  0.19180800000000003       0.19070249198973502     
  0.19280700000000003       0.19000966452141033     
  0.19380600000000003       0.18931745698490965     
  0.19480500000000003       0.18862593796503563     
  0.19580400000000003       0.18793517355491299     
  0.19680300000000003       0.18724522743412025     
  0.19780200000000003       0.18655616094436758     
  0.19880100000000003       0.18586803316276909     
  0.19980000000000003       0.18518090097282067     
  0.20079900000000003       0.18449481913312774     
  0.20179800000000003       0.18380984034398015     
  0.20279700000000003       0.18312601531182710     
  0.20379600000000003       0.18244339281172903     
  0.20479500000000003       0.18176201974785097     
  0.20579400000000003       0.18108194121205284     
  0.20679300000000003       0.18040320054065426     
  0.20779200000000003       0.17972583936941408     
  0.20879100000000003       0.17904989768679611     
  0.20979000000000003       0.17837541388557118     
  0.21078900000000003       0.17770242481280807     
  0.21178800000000003       0.17703096581830599     
  0.21278700000000003       0.17636107080152399     
  0.21378600000000003       0.17569277225704302     
  0.21478500000000003       0.17502610131862384     
  0.21578400000000003       0.17436108780189358     
  0.21678300000000003       0.17369776024570591     
  0.21778200000000003       0.17303614595222996     
  0.21878100000000003       0.17237627102578693     
  0.21978000000000003       0.17171816041049753     
  0.22077900000000003       0.17106183792675811     
  0.22177800000000003       0.17040732630659958     
  0.22277700000000003       0.16975464722795083     
  0.22377600000000003       0.16910382134785032     
  0.22477500000000003       0.16845486833463968     
  0.22577400000000003       0.16780780689916003     
  0.22677300000000003       0.16716265482500037     
  0.22777200000000003       0.16651942899781247     
  0.22877100000000003       0.16587814543373125     
  0.22977000000000003       0.16523881930692436     
  0.23076900000000003       0.16460146497629977     
  0.23176800000000003       0.16396609601139867     
  0.23276700000000003       0.16333272521749620     
  0.23376600000000003       0.16270136465994089     
  0.23476500000000003       0.16207202568774859     
  0.23576400000000003       0.16144471895648380     
  0.23676300000000003       0.16081945445043783     
  0.23776200000000003       0.16019624150414349     
  0.23876100000000003       0.15957508882322655     
  0.23976000000000003       0.15895600450463426     
  0.24075900000000003       0.15833899605624133     
  0.24175800000000003       0.15772407041587383     
  0.24275700000000003       0.15711123396974727     
  0.24375600000000003       0.15650049257035392     
  0.24475500000000003       0.15589185155380558     
  0.24575400000000003       0.15528531575665874     
  0.24675300000000003       0.15468088953222406     
  0.24775200000000003       0.15407857676639253     
  0.24875100000000003       0.15347838089298119     
  0.24975000000000003       0.15288030490861529     
  0.25074900000000000       0.15228435138716523     
  0.25174800000000003       0.15169052249375015     
  0.25274700000000000       0.15109881999831901     
  0.25374600000000003       0.15050924528882426     
  0.25474500000000000       0.14992179938399913     
  0.25574400000000003       0.14933648294575569     
  0.25674300000000005       0.14875329629120590     
  0.25774200000000003       0.14817223940432481     
  0.25874100000000005       0.14759331194726596     
  0.25974000000000003       0.14701651327133483     
  0.26073900000000005       0.14644184242763489     
  0.26173800000000003       0.14586929817739686     
  0.26273700000000005       0.14529887900199603     
  0.26373600000000003       0.14473058311267242     
  0.26473500000000005       0.14416440845995784     
  0.26573400000000003       0.14360035274282448     
  0.26673300000000005       0.14303841341755563     
  0.26773200000000003       0.14247858770635669     
  0.26873100000000005       0.14192087260570266     
  0.26973000000000003       0.14136526489444179     
  0.27072900000000005       0.14081176114165253     
  0.27172800000000003       0.14026035771427048     
  0.27272700000000005       0.13971105078448295     
  0.27372600000000002       0.13916383633690363     
  0.27472500000000005       0.13861871017553634     
  0.27572400000000002       0.13807566793052514     
  0.27672300000000005       0.13753470506470608     
  0.27772200000000002       0.13699581687996243     
  0.27872100000000005       0.13645899852339025     
  0.27972000000000002       0.13592424499327738     
  0.28071900000000005       0.13539155114490548     
  0.28171800000000002       0.13486091169617823     
  0.28271700000000005       0.13433232123307903     
  0.28371600000000002       0.13380577421496814     
  0.28471500000000005       0.13328126497971685     
  0.28571400000000002       0.13275878774869326     
  0.28671300000000005       0.13223833663159129     
  0.28771200000000002       0.13171990563112093     
  0.28871100000000005       0.13120348864755280     
  0.28971000000000002       0.13068907948313113     
  0.29070900000000005       0.13017667184634565     
  0.29170800000000002       0.12966625935608417     
  0.29270700000000005       0.12915783554565308     
  0.29370600000000002       0.12865139386667859     
  0.29470500000000005       0.12814692769289046     
  0.29570400000000002       0.12764443032378978     
  0.29670300000000005       0.12714389498820722     
  0.29770200000000002       0.12664531484775357     
  0.29870100000000005       0.12614868300016119     
  0.29970000000000002       0.12565399248252873     
  0.30069900000000005       0.12516123627446671     
  0.30169800000000002       0.12467040730114176     
  0.30269700000000005       0.12418149843623379     
  0.30369600000000002       0.12369450250480030     
  0.30469500000000005       0.12320941228605151     
  0.30569400000000002       0.12272622051604319     
  0.30669300000000005       0.12224491989028181     
  0.30769200000000002       0.12176550306625535     
  0.30869100000000005       0.12128796266588081     
  0.30969000000000002       0.12081229127787926     
  0.31068900000000005       0.12033848146007363     
  0.31168800000000002       0.11986652574161877     
  0.31268700000000005       0.11939641662515947     
  0.31368600000000002       0.11892814658892178     
  0.31468500000000005       0.11846170808873856     
  0.31568400000000002       0.11799709356001090     
  0.31668300000000005       0.11753429541960871     
  0.31768200000000002       0.11707330606771034     
  0.31868100000000005       0.11661411788958435     
  0.31968000000000002       0.11615672325731460     
  0.32067900000000005       0.11570111453146716     
  0.32167800000000002       0.11524728406271242     
  0.32267700000000005       0.11479522419338350     
  0.32367600000000002       0.11434492725899291     
  0.32467500000000005       0.11389638558969668     
  0.32567400000000002       0.11344959151171265     
  0.32667300000000005       0.11300453734868998     
  0.32767200000000002       0.11256121542303557     
  0.32867100000000005       0.11211961805719631     
  0.32967000000000002       0.11167973757490016     
  0.33066900000000005       0.11124156630235292     
  0.33166800000000002       0.11080509656939917     
  0.33266700000000005       0.11037032071064119     
  0.33366600000000002       0.10993723106652009     
  0.33466500000000005       0.10950581998436390     
  0.33566400000000002       0.10907607981939597     
  0.33666300000000005       0.10864800293570957     
  0.33766200000000002       0.10822158170721111     
  0.33866100000000005       0.10779680851852964     
  0.33966000000000002       0.10737367576589196     
  0.34065900000000005       0.10695217585797222     
  0.34165800000000002       0.10653230121670652     
  0.34265700000000004       0.10611404427808140     
  0.34365600000000002       0.10569739749289354     
  0.34465500000000004       0.10528235332748177     
  0.34565400000000002       0.10486890426443239     
  0.34665300000000004       0.10445704280325878     
  0.34765200000000002       0.10404676146105746     
  0.34865100000000004       0.10363805277313477     
  0.34965000000000002       0.10323090929361768     
  0.35064900000000004       0.10282532359603369     
  0.35164800000000002       0.10242128827387549     
  0.35264700000000004       0.10201879594113679     
  0.35364600000000002       0.10161783923283361     
  0.35464500000000004       0.10121841080550065     
  0.35564400000000002       0.10082050333767105     
  0.35664300000000004       0.10042410953033409     
  0.35764200000000002       0.10002922210737492     
  0.35864100000000004        9.9635833815998373E-002
  0.35964000000000002        9.9243937427130891E-002
  0.36063900000000004        9.8853525735810896E-002
  0.36163800000000001        9.8464591561556722E-002
  0.36263700000000004        9.8077127748721488E-002
  0.36363600000000001        9.7691127166833328E-002
  0.36463500000000004        9.7306582710917411E-002
  0.36563400000000001        9.6923487301806069E-002
  0.36663300000000004        9.6541833886431949E-002
  0.36763200000000001        9.6161615438109430E-002
  0.36863100000000004        9.5782824956801738E-002
  0.36963000000000001        9.5405455469374803E-002
  0.37062900000000004        9.5029500029838287E-002
  0.37162800000000001        9.4654951719574526E-002
  0.37262700000000004        9.4281803647555881E-002
  0.37362600000000001        9.3910048950549829E-002
  0.37462500000000004        9.3539680793313304E-002
  0.37562400000000001        9.3170692368775232E-002
  0.37662300000000004        9.2803076898210449E-002
  0.37762200000000001        9.2436827631400098E-002
  0.37862100000000004        9.2071937846785371E-002
  0.37962000000000001        9.1708400851610264E-002
  0.38061900000000004        9.1346209982053381E-002
  0.38161800000000001        9.0985358603353675E-002
  0.38261700000000004        9.0625840109925290E-002
  0.38361600000000007        9.0267647925464586E-002
  0.38461500000000004        8.9910775503047768E-002
  0.38561400000000007        8.9555216325222675E-002
  0.38661300000000004        8.9200963904090796E-002
  0.38761200000000007        8.8848011781382907E-002
  0.38861100000000004        8.8496353528526320E-002
  0.38961000000000007        8.8145982746706444E-002
  0.39060900000000004        8.7796893066920484E-002
  0.39160800000000007        8.7449078150024770E-002
  0.39260700000000004        8.7102531686775911E-002
  0.39360600000000007        8.6757247397864792E-002
  0.39460500000000004        8.6413219033945665E-002
  0.39560400000000007        8.6070440375659960E-002
  0.39660300000000004        8.5728905233651953E-002
  0.39760200000000007        8.5388607448581025E-002
  0.39860100000000004        8.5049540891128608E-002
  0.39960000000000007        8.4711699461998718E-002
  0.40059900000000004        8.4375077091915149E-002
  0.40159800000000007        8.4039667741612464E-002
  0.40259700000000004        8.3705465401823415E-002
  0.40359600000000007        8.3372464093261170E-002
  0.40459500000000004        8.3040657866597728E-002
  0.40559400000000007        8.2710040802437157E-002
  0.40659300000000004        8.2380607011287618E-002
  0.40759200000000007        8.2052350633524798E-002
  0.40859100000000004        8.1725265839356256E-002
  0.40959000000000007        8.1399346828779570E-002
  0.41058900000000004        8.1074587831536746E-002
  0.41158800000000006        8.0750983107067825E-002
  0.41258700000000004        8.0428526944457263E-002
  0.41358600000000006        8.0107213662381244E-002
  0.41458500000000004        7.9787037609049274E-002
  0.41558400000000006        7.9467993162143508E-002
  0.41658300000000004        7.9150074728756431E-002
  0.41758200000000006        7.8833276745322575E-002
  0.41858100000000004        7.8517593677552872E-002
  0.41958000000000006        7.8203020020361363E-002
  0.42057900000000004        7.7889550297792404E-002
  0.42157800000000006        7.7577179062945242E-002
  0.42257700000000004        7.7265900897894535E-002
  0.42357600000000006        7.6955710413612308E-002
  0.42457500000000004        7.6646602249882761E-002
  0.42557400000000006        7.6338571075221198E-002
  0.42657300000000004        7.6031611586785688E-002
  0.42757200000000006        7.5725718510289600E-002
  0.42857100000000004        7.5420886599912487E-002
  0.42957000000000006        7.5117110638208209E-002
  0.43056900000000004        7.4814385436012640E-002
  0.43156800000000006        7.4512705832347703E-002
  0.43256700000000003        7.4212066694327727E-002
  0.43356600000000006        7.3912462917060454E-002
  0.43456500000000003        7.3613889423549281E-002
  0.43556400000000006        7.3316341164592541E-002
  0.43656300000000003        7.3019813118684315E-002
  0.43756200000000006        7.2724300291909308E-002
  0.43856100000000003        7.2429797717842970E-002
  0.43956000000000006        7.2136300457444666E-002
  0.44055900000000003        7.1843803598953843E-002
  0.44155800000000006        7.1552302257782821E-002
  0.44255700000000003        7.1261791576411340E-002
  0.44355600000000006        7.0972266724277158E-002
  0.44455500000000003        7.0683722897668055E-002
  0.44555400000000006        7.0396155319612796E-002
  0.44655300000000003        7.0109559239771219E-002
  0.44755200000000006        6.9823929934323001E-002
  0.44855100000000003        6.9539262705856933E-002
  0.44955000000000006        6.9255552883259200E-002
  0.45054900000000003        6.8972795821601249E-002
  0.45154800000000006        6.8690986902027129E-002
  0.45254700000000003        6.8410121531639542E-002
  0.45354600000000006        6.8130195143387501E-002
  0.45454500000000003        6.7851203195952212E-002
  0.45554400000000006        6.7573141173632514E-002
  0.45654300000000003        6.7296004586230487E-002
  0.45754200000000006        6.7019788968937524E-002
  0.45854100000000003        6.6744489882218566E-002
  0.45954000000000006        6.6470102911697332E-002
  0.46053900000000003        6.6196623668041160E-002
  0.46153800000000006        6.5924047786845852E-002
  0.46253700000000003        6.5652370928519443E-002
  0.46353600000000006        6.5381588778168256E-002
  0.46453500000000003        6.5111697045479214E-002
  0.46553400000000006        6.4842691464606639E-002
  0.46653300000000003        6.4574567794054558E-002
  0.46753200000000006        6.4307321816562346E-002
  0.46853100000000003        6.4040949338989461E-002
  0.46953000000000006        6.3775446192199117E-002
  0.47052900000000003        6.3510808230944099E-002
  0.47152800000000006        6.3247031333750925E-002
  0.47252700000000003        6.2984111402805104E-002
  0.47352600000000006        6.2722044363836355E-002
  0.47452500000000003        6.2460826166003666E-002
  0.47552400000000006        6.2200452781781199E-002
  0.47652300000000003        6.1940920206845364E-002
  0.47752200000000006        6.1682224459956511E-002
  0.47852100000000003        6.1424361582851889E-002
  0.47952000000000006        6.1167327640126508E-002
  0.48051900000000003        6.0911118719122602E-002
  0.48151800000000006        6.0655730929817332E-002
  0.48251700000000003        6.0401160404708366E-002
  0.48351600000000006        6.0147403298703606E-002
  0.48451500000000003        5.9894455789008649E-002
  0.48551400000000006        5.9642314075015794E-002
  0.48651300000000003        5.9390974378191977E-002
  0.48751200000000006        5.9140432941970078E-002
  0.48851100000000003        5.8890686031636962E-002
  0.48951000000000006        5.8641729934224979E-002
  0.49050900000000003        5.8393560958401695E-002
  0.49150800000000006        5.8146175434361722E-002
  0.49250700000000003        5.7899569713718839E-002
  0.49350600000000006        5.7653740169396055E-002
  0.49450500000000003        5.7408683195520629E-002
  0.49550400000000006        5.7164395207315588E-002
  0.49650300000000003        5.6920872640993873E-002
  0.49750200000000006        5.6678111953652285E-002
  0.49850100000000003        5.6436109623166079E-002
  0.49950000000000006        5.6194862148083856E-002
  0.50049900000000003        5.5954366047524268E-002
  0.50149800000000000        5.5714617861071458E-002
  0.50249700000000008        5.5475614148670811E-002
  0.50349600000000005        5.5237351490528899E-002
  0.50449500000000003        5.4999826487009490E-002
  0.50549400000000000        5.4763035758532017E-002
  0.50649300000000008        5.4526975945471810E-002
  0.50749200000000005        5.4291643708059736E-002
  0.50849100000000003        5.4057035726281004E-002
  0.50949000000000000        5.3823148699777612E-002
  0.51048900000000008        5.3589979347749755E-002
  0.51148800000000005        5.3357524408856931E-002
  0.51248700000000003        5.3125780641122292E-002
  0.51348600000000011        5.2894744821834601E-002
  0.51448500000000008        5.2664413747453252E-002
  0.51548400000000005        5.2434784233512860E-002
  0.51648300000000003        5.2205853114528411E-002
  0.51748200000000011        5.1977617243901431E-002
  0.51848100000000008        5.1750073493826501E-002
  0.51948000000000005        5.1523218755199336E-002
  0.52047900000000002        5.1297049937523570E-002
  0.52147800000000011        5.1071563968821072E-002
  0.52247700000000008        5.0846757795539863E-002
  0.52347600000000005        5.0622628382465035E-002
  0.52447500000000002        5.0399172712629739E-002
  0.52547400000000011        5.0176387787225891E-002
  0.52647300000000008        4.9954270625516800E-002
  0.52747200000000005        4.9732818264750442E-002
  0.52847100000000002        4.9512027760072387E-002
  0.52947000000000011        4.9291896184440256E-002
  0.53046900000000008        4.9072420628539337E-002
  0.53146800000000005        4.8853598200697464E-002
  0.53246700000000002        4.8635426026802396E-002
  0.53346600000000011        4.8417901250217908E-002
  0.53446500000000008        4.8201021031702984E-002
  0.53546400000000005        4.7984782549329419E-002
  0.53646300000000002        4.7769182998402222E-002
  0.53746200000000011        4.7554219591378316E-002
  0.53846100000000008        4.7339889557789387E-002
  0.53946000000000005        4.7126190144161473E-002
  0.54045900000000002        4.6913118613939139E-002
  0.54145800000000011        4.6700672247407031E-002
  0.54245700000000008        4.6488848341615152E-002
  0.54345600000000005        4.6277644210302671E-002
  0.54445500000000002        4.6067057183823437E-002
  0.54545400000000011        4.5857084609072535E-002
  0.54645300000000008        4.5647723849412833E-002
  0.54745200000000005        4.5438972284602926E-002
  0.54845100000000002        4.5230827310725336E-002
  0.54945000000000010        4.5023286340116396E-002
  0.55044900000000008        4.4816346801295537E-002
  0.55144800000000005        4.4610006138896541E-002
  0.55244700000000002        4.4404261813599459E-002
  0.55344600000000010        4.4199111302061909E-002
  0.55444500000000008        4.3994552096853809E-002
  0.55544400000000005        4.3790581706389865E-002
  0.55644300000000002        4.3587197654865767E-002
  0.55744200000000010        4.3384397482192097E-002
  0.55844100000000008        4.3182178743932501E-002
  0.55944000000000005        4.2980539011239625E-002
  0.56043900000000002        4.2779475870793539E-002
  0.56143800000000010        4.2578986924740582E-002
  0.56243700000000008        4.2379069790632891E-002
  0.56343600000000005        4.2179722101368645E-002
  0.56443500000000002        4.1980941505133720E-002
  0.56543400000000010        4.1782725665343558E-002
  0.56643300000000008        4.1585072260585915E-002
  0.56743200000000005        4.1387978984564686E-002
  0.56843100000000002        4.1191443546044919E-002
  0.56943000000000010        4.0995463668797000E-002
  0.57042900000000007        4.0800037091544450E-002
  0.57142800000000005        4.0605161567909456E-002
  0.57242700000000002        4.0410834866362148E-002
  0.57342600000000010        4.0217054770168417E-002
  0.57442500000000007        4.0023819077339887E-002
  0.57542400000000005        3.9831125600583966E-002
  0.57642300000000002        3.9638972167255961E-002
  0.57742200000000010        3.9447356619310509E-002
  0.57842100000000007        3.9256276813255046E-002
  0.57942000000000005        3.9065730620103246E-002
  0.58041900000000002        3.8875715925330644E-002
  0.58141800000000010        3.8686230628828984E-002
  0.58241700000000007        3.8497272644864008E-002
  0.58341600000000005        3.8308839902032238E-002
  0.58441500000000002        3.8120930343219409E-002
  0.58541400000000010        3.7933541925559443E-002
  0.58641300000000007        3.7746672620394842E-002
  0.58741200000000005        3.7560320413237445E-002
  0.58841100000000002        3.7374483303730513E-002
  0.58941000000000010        3.7189159305611147E-002
  0.59040900000000007        3.7004346446674566E-002
  0.59140800000000004        3.6820042768737918E-002
  0.59240700000000002        3.6636246327606391E-002
  0.59340600000000010        3.6452955193039933E-002
  0.59440500000000007        3.6270167448719505E-002
  0.59540400000000004        3.6087881192216821E-002
  0.59640300000000002        3.5906094534962518E-002
  0.59740200000000010        3.5724805602216726E-002
  0.59840100000000007        3.5544012533040403E-002
  0.59940000000000004        3.5363713480267241E-002
  0.60039900000000002        3.5183906610476531E-002
  0.60139800000000010        3.5004590103967587E-002
  0.60239700000000007        3.4825762154734811E-002
  0.60339600000000004        3.4647420970442919E-002
  0.60439500000000002        3.4469564772404704E-002
  0.60539400000000010        3.4292191795558646E-002
  0.60639300000000007        3.4115300288447975E-002
  0.60739200000000004        3.3938888513200427E-002
  0.60839100000000002        3.3762954745509187E-002
  0.60939000000000010        3.3587497274615054E-002
  0.61038900000000007        3.3412514403289337E-002
  0.61138800000000004        3.3238004447817736E-002
  0.61238700000000001        3.3063965737985750E-002
  0.61338600000000010        3.2890396617064041E-002
  0.61438500000000007        3.2717295441796364E-002
  0.61538400000000004        3.2544660582387003E-002
  0.61638300000000001        3.2372490422490706E-002
  0.61738200000000010        3.2200783359202692E-002
  0.61838100000000007        3.2029537803049610E-002
  0.61938000000000004        3.1858752177982640E-002
  0.62037900000000001        3.1688424921370958E-002
  0.62137800000000010        3.1518554483995896E-002
  0.62237700000000007        3.1349139330047363E-002
  0.62337600000000004        3.1180177937120079E-002
  0.62437500000000001        3.1011668796212272E-002
  0.62537400000000010        3.0843610411724103E-002
  0.62637300000000007        3.0676001301458665E-002
  0.62737200000000004        3.0508839996622589E-002
  0.62837100000000001        3.0342125041829530E-002
  0.62937000000000010        3.0175854995103259E-002
  0.63036900000000007        3.0010028427882852E-002
  0.63136800000000004        2.9844643925028745E-002
  0.63236700000000001        2.9679700084830188E-002
  0.63336600000000010        2.9515195519013823E-002
  0.63436500000000007        2.9351128852753088E-002
  0.63536400000000004        2.9187498724679430E-002
  0.63636300000000001        2.9024303786894773E-002
  0.63736200000000010        2.8861542704984398E-002
  0.63836100000000007        2.8699214158032275E-002
  0.63936000000000004        2.8537316838636778E-002
  0.64035900000000012        2.8375849452927735E-002
  0.64135800000000009        2.8214810720585511E-002
  0.64235700000000007        2.8054199374860693E-002
  0.64335600000000004        2.7894014162594998E-002
  0.64435500000000012        2.7734253844244151E-002
  0.64535400000000009        2.7574917193901909E-002
  0.64635300000000007        2.7416002999324774E-002
  0.64735200000000004        2.7257510061958767E-002
  0.64835100000000012        2.7099437196967689E-002
  0.64935000000000009        2.6941783233262635E-002
  0.65034900000000007        2.6784547013531650E-002
  0.65134800000000004        2.6627727394273316E-002
  0.65234700000000012        2.6471323245829601E-002
  0.65334600000000009        2.6315333452421149E-002
  0.65434500000000007        2.6159756912183672E-002
  0.65534400000000004        2.6004592537206012E-002
  0.65634300000000012        2.5849839253569967E-002
  0.65734200000000009        2.5695496001390827E-002
  0.65834100000000007        2.5541561734860024E-002
  0.65934000000000004        2.5388035422289412E-002
  0.66033900000000012        2.5234916046156592E-002
  0.66133800000000009        2.5082202603152401E-002
  0.66233700000000006        2.4929894104229248E-002
  0.66333600000000004        2.4777989574651896E-002
  0.66433500000000012        2.4626488054049083E-002
  0.66533400000000009        2.4475388596467373E-002
  0.66633300000000006        2.4324690270426209E-002
  0.66733200000000004        2.4174392158975010E-002
  0.66833100000000012        2.4024493359751396E-002
  0.66933000000000009        2.3874992985042059E-002
  0.67032900000000006        2.3725890161844079E-002
  0.67132800000000004        2.3577184031929339E-002
  0.67232700000000012        2.3428873751909284E-002
  0.67332600000000009        2.3280958493302858E-002
  0.67432500000000006        2.3133437442605143E-002
  0.67532400000000004        2.2986309801358188E-002
  0.67632300000000012        2.2839574786223938E-002
  0.67732200000000009        2.2693231629058480E-002
  0.67832100000000006        2.2547279576988606E-002
  0.67932000000000003        2.2401717892489993E-002
  0.68031900000000012        2.2256545853467390E-002
  0.68131800000000009        2.2111762753336671E-002
  0.68231700000000006        2.1967367901109029E-002
  0.68331600000000003        2.1823360621476579E-002
  0.68431500000000012        2.1679740254900798E-002
  0.68531400000000009        2.1536506157702234E-002
  0.68631300000000006        2.1393657702152610E-002
  0.68731200000000003        2.1251194276568828E-002
  0.68831100000000012        2.1109115285409055E-002
  0.68931000000000009        2.0967420149371144E-002
  0.69030900000000006        2.0826108305492735E-002
  0.69130800000000003        2.0685179207253705E-002
  0.69230700000000012        2.0544632324681036E-002
  0.69330600000000009        2.0404467144455429E-002
  0.69430500000000006        2.0264683170020070E-002
  0.69530400000000003        2.0125279921692319E-002
  0.69630300000000012        1.9986256936776914E-002
  0.69730200000000009        1.9847613769681489E-002
  0.69830100000000006        1.9709349992035191E-002
  0.69930000000000003        1.9571465192808248E-002
  0.70029900000000012        1.9433958978435202E-002
  0.70129800000000009        1.9296830972939785E-002
  0.70229700000000006        1.9160080818062211E-002
  0.70329600000000003        1.9023708173389060E-002
  0.70429500000000012        1.8887712716485615E-002
  0.70529400000000009        1.8752094143030480E-002
  0.70629300000000006        1.8616852166952642E-002
  0.70729200000000003        1.8481986520571411E-002
  0.70829100000000011        1.8347496954738328E-002
  0.70929000000000009        1.8213383238982132E-002
  0.71028900000000006        1.8079645161655909E-002
  0.71128800000000003        1.7946282530087159E-002
  0.71228700000000011        1.7813295170730180E-002
  0.71328600000000009        1.7680682929321314E-002
  0.71428500000000006        1.7548445671036712E-002
  0.71528400000000003        1.7416583280652820E-002
  0.71628300000000011        1.7285095662709766E-002
  0.71728200000000009        1.7153982741677069E-002
  0.71828100000000006        1.7023244462122576E-002
  0.71928000000000003        1.6892880788883582E-002
  0.72027900000000011        1.6762891707241576E-002
  0.72127800000000009        1.6633277223098947E-002
  0.72227700000000006        1.6504037363159006E-002
  0.72327600000000003        1.6375172175108865E-002
  0.72427500000000011        1.6246681727805013E-002
  0.72527400000000009        1.6118566111461733E-002
  0.72627300000000006        1.5990825437842811E-002
  0.72727200000000003        1.5863459840456059E-002
  0.72827100000000011        1.5736469474750065E-002
  0.72927000000000008        1.5609854518315248E-002
  0.73026900000000006        1.5483615171086569E-002
  0.73126800000000003        1.5357751655550490E-002
  0.73226700000000011        1.5232264216953607E-002
  0.73326600000000008        1.5107153123515554E-002
  0.73426500000000006        1.4982418666644145E-002
  0.73526400000000003        1.4858061161154040E-002
  0.73626300000000011        1.4734080945488056E-002
  0.73726200000000008        1.4610478381941945E-002
  0.73826100000000006        1.4487253856892143E-002
  0.73926000000000003        1.4364407781026271E-002
  0.74025900000000011        1.4241940589577430E-002
  0.74125800000000008        1.4119852742560892E-002
  0.74225700000000006        1.3998144725014476E-002
  0.74325600000000003        1.3876817047241547E-002
  0.74425500000000011        1.3755870245057401E-002
  0.74525400000000008        1.3635304880038803E-002
  0.74625300000000006        1.3515121539776416E-002
  0.74725200000000003        1.3395320838130498E-002
  0.74825100000000011        1.3275903415489556E-002
  0.74925000000000008        1.3156869939032322E-002
  0.75024900000000005        1.3038221102992464E-002
  0.75124800000000003        1.2919957628926495E-002
  0.75224700000000011        1.2802080265984903E-002
  0.75324600000000008        1.2684589791185946E-002
  0.75424500000000005        1.2567487009692683E-002
  0.75524400000000003        1.2450772755092829E-002
  0.75624300000000011        1.2334447889681742E-002
  0.75724200000000008        1.2218513304747986E-002
  0.75824100000000005        1.2102969920862048E-002
  0.75924000000000003        1.1987818688167723E-002
  0.76023900000000011        1.1873060586676296E-002
  0.76123800000000008        1.1758696626563538E-002
  0.76223700000000005        1.1644727848469198E-002
  0.76323600000000003        1.1531155323799168E-002
  0.76423500000000011        1.1417980155030412E-002
  0.76523400000000008        1.1305203476018060E-002
  0.76623300000000005        1.1192826452305012E-002
  0.76723200000000014        1.1080850281434018E-002
  0.76823100000000011        1.0969276193261802E-002
  0.76923000000000008        1.0858105450275449E-002
  0.77022900000000005        1.0747339347910761E-002
  0.77122800000000014        1.0636979214872685E-002
  0.77222700000000011        1.0527026413457508E-002
  0.77322600000000008        1.0417482339876685E-002
  0.77422500000000005        1.0308348424582432E-002
  0.77522400000000014        1.0199626132594605E-002
  0.77622300000000011        1.0091316963828931E-002
  0.77722200000000008        9.9834224534266838E-003
  0.77822100000000005        9.8759441720847971E-003
  0.77922000000000013        9.7688837263871873E-003
  0.78021900000000011        9.6622427591368191E-003
  0.78121800000000008        9.5560229496878847E-003
  0.78221700000000005        9.4502260142783779E-003
  0.78321600000000013        9.3448537063628018E-003
  0.78421500000000011        9.2399078169445800E-003
  0.78521400000000008        9.1353901749080327E-003
  0.78621300000000005        9.0313026473496268E-003
  0.78721200000000013        8.9276471399083786E-003
  0.78821100000000011        8.8244255970949727E-003
  0.78921000000000008        8.7216400026192496E-003
  0.79020900000000005        8.6192923797160838E-003
  0.79120800000000013        8.5173847914686417E-003
  0.79220700000000011        8.4159193411297694E-003
  0.79320600000000008        8.3148981724397233E-003
  0.79420500000000005        8.2143234699414858E-003
  0.79520400000000013        8.1141974592914574E-003
  0.79620300000000011        8.0145224075668618E-003
  0.79720200000000008        7.9153006235682492E-003
  0.79820100000000005        7.8165344581168934E-003
  0.79920000000000013        7.7182263043469139E-003
  0.80019900000000010        7.6203785979913887E-003
  0.80119800000000008        7.5229938176615578E-003
  0.80219700000000005        7.4260744851194467E-003
  0.80319600000000013        7.3296231655423589E-003
  0.80419500000000010        7.2336424677792183E-003
  0.80519400000000008        7.1381350445979194E-003
  0.80619300000000005        7.0431035929229878E-003
  0.80719200000000013        6.9485508540628876E-003
  0.80819100000000010        6.8544796139262164E-003
  0.80919000000000008        6.7608927032259949E-003
  0.81018900000000005        6.6677929976711086E-003
  0.81118800000000013        6.5751834181445642E-003
  0.81218700000000010        6.4830669308667847E-003
  0.81318600000000008        6.3914465475438482E-003
  0.81418500000000005        6.3003253254993201E-003
  0.81518400000000013        6.2097063677884878E-003
  0.81618300000000010        6.1195928232944180E-003
  0.81718200000000007        6.0299878868042226E-003
  0.81818100000000005        5.9408947990647557E-003
  0.81918000000000013        5.8523168468162341E-003
  0.82017900000000010        5.7642573628028061E-003
  0.82117800000000007        5.6767197257584397E-003
  0.82217700000000005        5.5897073603670454E-003
  0.82317600000000013        5.5032237371951563E-003
  0.82417500000000010        5.4172723725958473E-003
  0.82517400000000007        5.3318568285823037E-003
  0.82617300000000005        5.2469807126692795E-003
  0.82717200000000013        5.1626476776808570E-003
  0.82817100000000010        5.0788614215228692E-003
  0.82917000000000007        4.9956256869179046E-003
  0.83016900000000005        4.9129442611010789E-003
  0.83116800000000013        4.8308209754747743E-003
  0.83216700000000010        4.7492597052199098E-003
  0.83316600000000007        4.6682643688619341E-003
  0.83416500000000005        4.5878389277891210E-003
  0.83516400000000013        4.5079873857209306E-003
  0.83616300000000010        4.4287137881239861E-003
  0.83716200000000007        4.3500222215730180E-003
  0.83816100000000004        4.2719168130545670E-003
  0.83916000000000013        4.1944017292102880E-003
  0.84015900000000010        4.1174811755173256E-003
  0.84115800000000007        4.0411593954028067E-003
  0.84215700000000004        3.9654406692893763E-003
  0.84315600000000013        3.8903293135686334E-003
  0.84415500000000010        3.8158296794994911E-003
  0.84515400000000007        3.7419461520275285E-003
  0.84615300000000004        3.6686831485226979E-003
  0.84715200000000013        3.5960451174309352E-003
  0.84815100000000010        3.5240365368365747E-003
  0.84915000000000007        3.4526619129314341E-003
  0.85014900000000004        3.3819257783867735E-003
  0.85114800000000013        3.3118326906238353E-003
  0.85214700000000010        3.2423872299789528E-003
  0.85314600000000007        3.1735939977587269E-003
  0.85414500000000004        3.1054576141808501E-003
  0.85514400000000013        3.0379827161959622E-003
  0.85614300000000010        2.9711739551857245E-003
  0.85714200000000007        2.9050359945323105E-003
  0.85814100000000004        2.8395735070542156E-003
  0.85914000000000013        2.7747911723032203E-003
  0.86013900000000010        2.7106936737174049E-003
  0.86113800000000007        2.6472856956244865E-003
  0.86213700000000004        2.5845719200901854E-003
  0.86313600000000013        2.5225570236059127E-003
  0.86413500000000010        2.4612456736099182E-003
  0.86513400000000007        2.4006425248360528E-003
  0.86613300000000004        2.3407522154841542E-003
  0.86713200000000012        2.2815793632059499E-003
  0.86813100000000010        2.2231285609003023E-003
  0.86913000000000007        2.1654043723114422E-003
  0.87012900000000004        2.1084113274239973E-003
  0.87112800000000012        2.0521539176483047E-003
  0.87212700000000010        1.9966365907896702E-003
  0.87312600000000007        1.9418637457949970E-003
  0.87412500000000004        1.8878397272705152E-003
  0.87512400000000012        1.8345688197639977E-003
  0.87612300000000010        1.7820552418052165E-003
  0.87712200000000007        1.7303031396982062E-003
  0.87812100000000004        1.6793165810592204E-003
  0.87912000000000012        1.6290995480942511E-003
  0.88011900000000010        1.5796559306101776E-003
  0.88111800000000007        1.5309895187539157E-003
  0.88211700000000004        1.4831039954740955E-003
  0.88311600000000012        1.4360029287000954E-003
  0.88411500000000010        1.3896897632337858E-003
  0.88511400000000007        1.3441678123494386E-003
  0.88611300000000004        1.2994402490981349E-003
  0.88711200000000012        1.2555100973132135E-003
  0.88811100000000009        1.2123802223141856E-003
  0.88911000000000007        1.1700533213070117E-003
  0.89010900000000004        1.1285319134797186E-003
  0.89110800000000012        1.0878183297929800E-003
  0.89210700000000009        1.0479147024664908E-003
  0.89310600000000007        1.0088229541628648E-003
  0.89410500000000004        9.7054478687231334E-004
  0.89510400000000012        9.3308167050245108E-004
  0.89610300000000009        8.9643483117926104E-004
  0.89710200000000007        8.6060523926686898E-004
  0.89810100000000015        8.2559359711560252E-004
  0.89910000000000012        7.9140032654979235E-004
  0.90009900000000009        7.5802555610896699E-004
  0.90109800000000007        7.2546910805849083E-004
  0.90209700000000015        6.9373048518821495E-004
  0.90309600000000012        6.6280885742059749E-004
  0.90409500000000009        6.3270304825263299E-004
  0.90509400000000007        6.0341152105937229E-004
  0.90609300000000015        5.7493236529019241E-004
  0.90709200000000012        5.4726328259279658E-004
  0.90809100000000009        5.2040157290396166E-004
  0.90909000000000006        4.9434412055040144E-004
  0.91008900000000015        4.6908738040767230E-004
  0.91108800000000012        4.4462736416997950E-004
  0.91208700000000009        4.2095962678889611E-004
  0.91308600000000006        3.9807925314453530E-004
  0.91408500000000015        3.7598084501843271E-004
  0.91508400000000012        3.5465850844349585E-004
  0.91608300000000009        3.3410584151262869E-004
  0.91708200000000006        3.1431592273431372E-004
  0.91808100000000015        2.9528130003013691E-004
  0.91908000000000012        2.7699398047630199E-004
  0.92007900000000009        2.5944542089829280E-004
  0.92107800000000006        2.4262651943515753E-004
  0.92207700000000015        2.2652760819714929E-004
  0.92307600000000012        2.1113844714777653E-004
  0.92407500000000009        1.9644821934844818E-004
  0.92507400000000006        1.8244552771089575E-004
  0.92607300000000015        1.6911839340912757E-004
  0.92707200000000012        1.5645425610881253E-004
  0.92807100000000009        1.4443997617746401E-004
  0.92907000000000006        1.3306183904347748E-004
  0.93006900000000015        1.2230556187566152E-004
  0.93106800000000012        1.1215630275724465E-004
  0.93206700000000009        1.0259867252913381E-004
  0.93306600000000006        9.3616749476157967E-005
  0.93406500000000015        8.5194097026803527E-005
  0.93506400000000012        7.7313784631217769E-005
  0.93606300000000009        6.9958411973612352E-005
  0.93706200000000006        6.3110136663260065E-005
  0.93806100000000014        5.6750705532556054E-005
  0.93906000000000012        5.0861489650725287E-005
  0.94005900000000009        4.5423523137183091E-005
  0.94105800000000006        4.0417545828894089E-005
  0.94205700000000014        3.5824049820796429E-005
  0.94305600000000012        3.1623329857144026E-005
  0.94405500000000009        2.7795537504019867E-005
  0.94505400000000006        2.4320738979077035E-005
  0.94605300000000014        2.1178976453527182E-005
  0.94705200000000012        1.8350332573557546E-005
  0.94805100000000009        1.5814997873827722E-005
  0.94905000000000006        1.3553340674935118E-005
  0.95004900000000014        1.1545978970388770E-005
  0.95104800000000012        9.7738537178104880E-006
  0.95204700000000009        8.2183028552259219E-006
  0.95304600000000006        6.8611352684119501E-006
  0.95404500000000014        5.6847038418115912E-006
  0.95504400000000012        4.6719766366424760E-006
  0.95604300000000009        3.8066051592337077E-006
  0.95704200000000006        3.0729886147310666E-006
  0.95804100000000014        2.4563329911076952E-006
  0.95904000000000011        1.9427037914904396E-006
  0.96003900000000009        1.5190712351254722E-006
  0.96103800000000006        1.1733467850511195E-006
  0.96203700000000014        8.9440993976762744E-007
  0.96303600000000011        6.7212435240941149E-007
  0.96403500000000009        4.9734251852907876E-007
  0.96503400000000006        3.6189850521525194E-007
  0.96603300000000014        2.5858847992429900E-007
  0.96703200000000011        1.8113913371387124E-007
  0.96803100000000009        1.2416447280816998E-007
  0.96903000000000006        8.3111861800163301E-008
  0.97002900000000014        5.4198622873600843E-008
  0.97102800000000011        3.4340904054035877E-008
  0.97202700000000009        2.1076896350591656E-008
  0.97302600000000006        1.2486771703399345E-008
  0.97402500000000014        7.1118967414566226E-009
  0.97502400000000011        3.8759199594099334E-009
  0.97602300000000008        2.0102080477051235E-009
  0.97702200000000006        9.8580989502460343E-010
  0.97802100000000014        4.5366196692963471E-010
  0.97902000000000011        1.9414678075939179E-010
  0.98001900000000008        7.6431210881777831E-011
  0.98101800000000006        2.7317601574886833E-011
  0.98201700000000014        8.7229044498955584E-012
  0.98301600000000011        2.4394560799840325E-012
  0.98401500000000008        5.8282646032320235E-013
  0.98501400000000006        1.1526879482020254E-013
  0.98601300000000014        1.8121724512478045E-014
  0.98701200000000011        2.1476244217283429E-015
  0.98801100000000008        1.7874983836711201E-016
  0.98901000000000006        9.4868413299424228E-018
  0.99000900000000014        2.8044845998080011E-019
  0.99100800000000011        3.7983115376821100E-021
  0.99200700000000008        1.7581645629716317E-023
  0.99300600000000006        1.7550054722519954E-026
  0.99400500000000014        1.7538974441731325E-030
  0.99500400000000011        4.4108119008670362E-036
  0.99600300000000008        1.7645025579862260E-044
  0.99700200000000005        1.7897790841815545E-058
  0.99800100000000014        1.8765112490859752E-086
  0.99900000000000011        2.4737819675371051E-170
